250	1	95.8	0.015625	4	100	4.5	0.0048	100	-60	-40	0.7	0.03	2	-50	100	35	5.29136	0.18901	0.00212774	47.2247	20	0.187855	0.188993	0.18965	0.00299912	0.00698036	0.0132095	1.21964	4.37445	23.6525	0												
250	1	95.8	0.0220971	4	100	4.5	0.0048	100	-60	-40	0.7	0.03	2	-50	100	35	5.23553	0.191025	0.00212526	48.8651	20	0.190355	0.191035	0.191525	0.00232252	0.00441067	0.00770823	3.71839	11.3644	40.7339	0												
250	1	95.8	0.03125	4	100	4.5	0.0048	100	-60	-40	0.7	0.03	2	-50	100	35	5.15364	0.19405	0.00159621	90.805	20	0.19369	0.194055	0.1943	0.00141365	0.00247158	0.00391083	15.1329	37.8595	115.604	0												
250	1	95.8	0.0441942	4	100	4.5	0.0048	100	-60	-40	0.7	0.03	2	-50	100	35	5.09274	0.196384	0.00233197	44.0986	19	0.196258	0.196384	0.196505	0.00161537	0.00251	0.00331881	21.7671	38.0843	91.7916	0												
250	1	95.8	0.0625	4	100	4.5	0.0048	100	-60	-40	0.7	0.03	2	-50	100	35	5.05375	0.197884	0.00152835	105.036	19	0.197821	0.197884	0.197953	0.00128905	0.00158101	0.00177626	77.7567	98.1704	147.702	0												
250	1	95.8	0.0883883	4	100	4.5	0.0048	100	-60	-40	0.7	0.03	2	-50	100	35	5.08147	0.196826	0.0026102	35.4365	19	0.1968	0.196826	0.196863	0.00245539	0.00263518	0.00279162	30.9803	34.7681	40.0491	0												
250	1	95.8	0.125	4	100	4.5	0.0048	100	-60	-40	0.7	0.03	2	-50	100	35	5.03669	0.198568	0.00231662	46.1925	19	0.198553	0.198568	0.198589	0.00224183	0.00231839	0.00238464	43.5984	46.1237	49.3221	0												
250	1	95.8	0.176777	4	100	4.5	0.0048	100	-60	-40	0.7	0.03	2	-50	100	35	5.03697	0.198574	0.00294955	28.4974	19	0.198563	0.198574	0.198584	0.0029069	0.00295946	0.00300455	27.4658	28.309	29.3374	0												
250	1	95.8	0.25	4	100	4.5	0.0048	100	-60	-40	0.7	0.03	2	-50	100	35	4.9797	0.200916	0.00468274	11.7109	19	0.200916	0.200916	0.224553	0.00390132	0.00468381	0.0699574	0.0732554	11.7056	16.8721	0												
250	1	95.8	0.353553	4	100	4.5	0.0048	100	-60	-40	0.7	0.03	2	-50	100	35	4.81533	0.210272	0.0271708	0.39874	18	0.189245	0.199205	0.222641	0.0262384	0.0372942	0.0758738	0.043478	0.179957	0.427584	0												
250	1	95.8	0.5	4	100	4.5	0.0048	100	-60	-40	0.7	0.03	2	-50	100	35	14.3639	0.180137	0.0663763	0.0420084	16	0.180137	0.180213	0.205293	0.0110963	0.0663497	0.0664459	0.0420031	0.0421047	2.22006	0												
250	1	95.8	0.707107	4	100	4.5	0.0048	100	-60	-40	0.7	0.03	2	-50	100	35	4.88901	0.204855	0.00855691	3.71752	11	0.204855	0.204855	0.205336	0.00767754	0.00831365	0.00939735	3.1037	3.93826	4.6185	0												
250	1	95.8	1	4	100	4.5	0.0048	100	-60	-40	0.7	0.03	2	-50	100	35	5.02741	0.198932	0.0021564	53.6047	19	0.198932	0.198932	0.209983	0.0021564	0.0021564	0.0474618	0.130142	53.6047	53.6047	0												
250	1	95.8	1.41421	4	100	4.5	0.0048	100	-60	-40	0.7	0.03	2	-50	100	35	4.98842	0.200542	0.00417563	14.6461	19	0.200542	0.200542	0.211683	0.00396811	0.00396811	0.0474665	0.133302	16.2181	16.2181	0												
250	1	95.8	2	4	100	4.5	0.0048	100	-60	-40	0.7	0.03	2	-50	100	35	4.99976	0.200126	0.00513526	9.6236	19	0.200126	0.200126	0.211244	0.00406268	0.00513526	0.0517734	0.111351	9.6236	15.3758	0												
250	1	95.8	2.82843	4	100	4.5	0.0048	100	-60	-40	0.7	0.03	2	-50	100	35	5.00528	0.199805	0.00186443	72.6576	19	0.199805	0.199805	0.210906	0.00186443	0.00186443	0.0470775	0.134026	72.6576	72.6576	0												
250	1	95.8	4	4	100	4.5	0.0048	100	-60	-40	0.7	0.03	2	-50	100	35	5.02348	0.199111	0.00307876	26.3682	19	0.199111	0.199111	0.210172	0.00307876	0.00307876	0.0472186	0.131841	26.3682	26.3682	0												
250	1	95.8	5.65685	4	100	4.5	0.0048	100	-60	-40	0.7	0.03	2	-50	100	35	5.00455	0.199937	0.00509348	9.75437	19	0.199937	0.199937	0.199937	0.00474379	0.00509348	0.00509348	9.75437	9.75437	11.2455	0												
250	1	95.8	8	4	100	4.5	0.0048	100	-60	-40	0.7	0.03	2	-50	100	35	19.9205	0.0551071	0.0191013	0.0145226	70	0.0488291	0.0514333	0.054331	0.0150539	0.0189757	0.0219805	0.00823985	0.0115378	0.0197914	0												
250	1	95.8	11.3137	4	100	4.5	0.0048	100	-60	-40	0.7	0.03	2	-50	100	35	NaN	NaN	NaN	NaN	0																						0
250	1	95.8	16	4	100	4.5	0.0048	100	-60	-40	0.7	0.03	2	-50	100	35	NaN	NaN	NaN	NaN																							
250	1	95.8	0.015625	4	100	4.5	0.0048	100	-60	-40	0.7	0.03	2	-50	100	35	5.28545	0.18922	0.00206922	50.0999	20	0.187925	0.18913	0.189765	0.00355793	0.0069913	0.0139404	1.1061	4.38176	16.9016	0
250	1	95.8	0.015625	4	100	4.5	0.0048	100	-60	-40	0.7	0.03	2	-50	100	35	5.27637	0.189545	0.00204514	51.5514	20	0.188255	0.189552	0.1903	0.00331692	0.0070105	0.0123674	1.41216	4.38648	19.4991	0
250	1	95.8	0.015625	4	100	4.5	0.0048	100	-60	-40	0.7	0.03	2	-50	100	35	5.29674	0.188815	0.00198157	54.2803	20	0.187895	0.188828	0.18992	0.00341985	0.0070584	0.0122409	1.43071	4.26958	18.2545	0
250	1	95.8	0.015625	4	100	4.5	0.0048	100	-60	-40	0.7	0.03	2	-50	100	35	5.27385	0.189635	0.00201188	53.346	20	0.18866	0.18957	0.190295	0.00399204	0.00689004	0.0140136	1.11105	4.55562	13.546	0
250	1	95.8	0.015625	4	100	4.5	0.0048	100	-60	-40	0.7	0.03	2	-50	100	35	5.26263	0.190035	0.0017857	68.1453	20	0.18878	0.189995	0.19089	0.00353188	0.00697581	0.0130226	1.28334	4.44203	17.4389	0
250	1	95.8	0.015625	4	100	4.5	0.0048	100	-60	-40	0.7	0.03	2	-50	100	35	5.26715	0.189885	0.00240138	37.5926	20	0.18882	0.189875	0.190725	0.00385982	0.00737629	0.0137464	1.15138	3.98789	14.6038	0
250	1	95.8	0.015625	4	100	4.5	0.0048	100	-60	-40	0.7	0.03	2	-50	100	35	5.27196	0.189705	0.00209974	49.0291	20	0.188465	0.189753	0.190605	0.00383167	0.0071344	0.0141593	1.0783	4.25093	14.7177	0
250	1	95.8	0.015625	4	100	4.5	0.0048	100	-60	-40	0.7	0.03	2	-50	100	35	5.25552	0.190295	0.00195407	57.1415	20	0.18923	0.190263	0.19114	0.00401758	0.00726033	0.0139538	1.11971	4.13648	13.5167	0
250	1	95.8	0.015625	4	100	4.5	0.0048	100	-60	-40	0.7	0.03	2	-50	100	35	5.28744	0.189145	0.00187237	61.1156	20	0.187865	0.18919	0.19003	0.00337777	0.0070738	0.0119139	1.50937	4.29467	18.7285	0
250	1	95.8	0.0220971	4	100	4.5	0.0048	100	-60	-40	0.7	0.03	2	-50	100	35	5.21473	0.191785	0.00203399	53.9877	20	0.19101	0.191795	0.192265	0.0021306	0.00427683	0.00873276	2.92354	12.2092	49.3262	0
250	1	95.8	0.0220971	4	100	4.5	0.0048	100	-60	-40	0.7	0.03	2	-50	100	35	5.22066	0.19156	0.00163945	82.8075	20	0.19093	0.19156	0.192105	0.00226695	0.00412041	0.00891566	2.80197	13.0982	43.3161	0
250	1	95.8	0.0220971	4	100	4.5	0.0048	100	-60	-40	0.7	0.03	2	-50	100	35	5.23427	0.19108	0.00250612	35.1716	20	0.19028	0.19112	0.19169	0.0025893	0.00443409	0.00774648	3.63514	11.2259	33.0542	0
250	1	95.8	0.0220971	4	100	4.5	0.0048	100	-60	-40	0.7	0.03	2	-50	100	35	5.21537	0.191775	0.00262536	32.4003	20	0.191215	0.1918	0.19219	0.00274991	0.00452745	0.00826164	3.27775	10.912	29.4925	0
250	1	95.8	0.0220971	4	100	4.5	0.0048	100	-60	-40	0.7	0.03	2	-50	100	35	5.21863	0.19167	0.00314326	22.5658	20	0.19119	0.191685	0.19229	0.00334105	0.00496345	0.00861064	3.01366	9.0795	19.9497	0
250	1	95.8	0.0220971	4	100	4.5	0.0048	100	-60	-40	0.7	0.03	2	-50	100	35	5.20831	0.19202	0.00195572	58.6106	20	0.19137	0.192023	0.1925	0.00205797	0.00424275	0.00814193	3.38091	12.4506	52.9519	0
250	1	95.8	0.0220971	4	100	4.5	0.0048	100	-60	-40	0.7	0.03	2	-50	100	35	5.20285	0.192235	0.00256562	34.1715	20	0.19181	0.192235	0.19268	0.0021932	0.00459122	0.00705929	4.4978	10.6763	46.8679	0
250	1	95.8	0.0220971	4	100	4.5	0.0048	100	-60	-40	0.7	0.03	2	-50	100	35	5.20696	0.1921	0.0031681	22.3633	20	0.19141	0.192105	0.19259	0.00237005	0.00484418	0.008441	3.14484	9.55427	39.8876	0
250	1	95.8	0.0220971	4	100	4.5	0.0048	100	-60	-40	0.7	0.03	2	-50	100	35	5.21221	0.191865	0.00126086	140.671	20	0.19125	0.19188	0.19245	0.00204586	0.00399916	0.00743979	4.03622	13.9831	53.3464	0
250	1	95.8	0.03125	4	100	4.5	0.0048	100	-60	-40	0.7	0.03	2	-50	100	35	5.13846	0.194645	0.00265973	33.0068	20	0.19419	0.194643	0.194945	0.00246873	0.00328772	0.00460714	10.9667	21.5918	38.3002	0
250	1	95.8	0.03125	4	100	4.5	0.0048	100	-60	-40	0.7	0.03	2	-50	100	35	5.13385	0.19482	0.00265084	33.3184	20	0.194485	0.194825	0.19504	0.00216826	0.00324318	0.00463895	10.872	22.2653	49.965	0
250	1	95.8	0.03125	4	100	4.5	0.0048	100	-60	-40	0.7	0.03	2	-50	100	35	5.15269	0.194115	0.0029213	27.1379	20	0.193765	0.19412	0.194365	0.00244546	0.00352311	0.00544239	7.80265	18.6524	38.7083	0
250	1	95.8	0.03125	4	100	4.5	0.0048	100	-60	-40	0.7	0.03	2	-50	100	35	5.13919	0.19463	0.00309568	24.3594	20	0.194345	0.194635	0.194905	0.00274284	0.00366986	0.00598655	6.50815	17.3313	31.1112	0
250	1	95.8	0.03125	4	100	4.5	0.0048	100	-60	-40	0.7	0.03	2	-50	100	35	5.14146	0.19454	0.00295802	26.6425	20	0.19418	0.194548	0.194795	0.00239589	0.00359406	0.00530391	8.27208	18.0342	40.5953	0
250	1	95.8	0.03125	4	100	4.5	0.0048	100	-60	-40	0.7	0.03	2	-50	100	35	5.1535	0.19409	0.00310058	24.081	20	0.193845	0.194105	0.194295	0.00239242	0.00361503	0.00481706	9.97688	17.7005	40.4218	0
250	1	95.8	0.03125	4	100	4.5	0.0048	100	-60	-40	0.7	0.03	2	-50	100	35	5.12699	0.195075	0.00242961	39.8181	20	0.19479	0.195085	0.195375	0.0018742	0.00308105	0.00440937	12.068	24.788	66.9406	0
250	1	95.8	0.03125	4	100	4.5	0.0048	100	-60	-40	0.7	0.03	2	-50	100	35	5.1618	0.19375	0.00198295	58.5666	20	0.19349	0.193755	0.194025	0.0017111	0.00273398	0.00407292	13.8748	30.8501	78.5998	0
250	1	95.8	0.03125	4	100	4.5	0.0048	100	-60	-40	0.7	0.03	2	-50	100	35	5.14945	0.194225	0.00245161	38.5978	20	0.193985	0.194235	0.19446	0.00207706	0.00315893	0.00474402	10.3104	23.257	53.7983	0
250	1	95.8	0.0441942	4	100	4.5	0.0048	100	-60	-40	0.7	0.03	2	-50	100	35	5.11146	0.19567	0.00254685	36.5694	20	0.19553	0.195665	0.195785	0.00190053	0.00271228	0.00345425	19.8784	32.263	65.641	0
250	1	95.8	0.0441942	4	100	4.5	0.0048	100	-60	-40	0.7	0.03	2	-50	100	35	5.10507	0.19591	0.00234249	43.3875	20	0.195765	0.19591	0.196035	0.00203037	0.00249755	0.00318663	23.4381	38.1614	57.7746	0
250	1	95.8	0.0441942	4	100	4.5	0.0048	100	-60	-40	0.7	0.03	2	-50	100	35	5.12579	0.19512	0.00241456	40.344	20	0.194965	0.195125	0.19526	0.00204628	0.00259531	0.00328497	21.7918	34.8961	56.1641	0
250	1	95.8	0.0441942	4	100	4.5	0.0048	100	-60	-40	0.7	0.03	2	-50	100	35	5.13626	0.19473	0.00269992	32.0735	20	0.19459	0.194735	0.194885	0.0025045	0.0028666	0.00345781	19.5515	28.4346	37.2562	0
250	1	95.8	0.0441942	4	100	4.5	0.0048	100	-60	-40	0.7	0.03	2	-50	100	35	5.10383	0.19595	0.0019608	61.9611	20	0.19582	0.19595	0.196085	0.00162981	0.00216713	0.00271218	32.3756	50.699	89.6762	0
250	1	95.8	0.0441942	4	100	4.5	0.0048	100	-60	-40	0.7	0.03	2	-50	100	35	5.09093	0.196447	0.00201642	59.0371	19	0.196237	0.196447	0.196563	0.00170464	0.00221633	0.00287673	28.9853	48.8539	82.5952	0
250	1	95.8	0.0441942	4	100	4.5	0.0048	100	-60	-40	0.7	0.03	2	-50	100	35	5.11152	0.195665	0.00241623	40.6267	20	0.195545	0.195665	0.195815	0.00196599	0.00254793	0.00322525	22.8383	36.5289	61.3751	0
250	1	95.8	0.0441942	4	100	4.5	0.0048	100	-60	-40	0.7	0.03	2	-50	100	35	5.10673	0.195845	0.0022568	46.6985	20	0.195725	0.195845	0.195955	0.00186414	0.00244118	0.00295063	27.2956	39.9077	68.4326	0
250	1	95.8	0.0441942	4	100	4.5	0.0048	100	-60	-40	0.7	0.03	2	-50	100	35	5.08979	0.1965	0.00241937	41.0426	19	0.196326	0.196505	0.196632	0.00199444	0.00258094	0.00322471	23.106	36.0724	60.3945	0
250	1	95.8	0.0625	4	100	4.5	0.0048	100	-60	-40	0.7	0.03	2	-50	100	35	5.08103	0.196858	0.0031387	24.5193	19	0.1968	0.196858	0.196916	0.00282022	0.00316592	0.00356266	19.0386	24.1005	30.3821	0
250	1	95.8	0.0625	4	100	4.5	0.0048	100	-60	-40	0.7	0.03	2	-50	100	35	5.06948	0.197279	0.00203513	58.696	19	0.197216	0.197276	0.197337	0.00188416	0.00208767	0.00232953	44.7904	55.7705	68.5338	0
250	1	95.8	0.0625	4	100	4.5	0.0048	100	-60	-40	0.7	0.03	2	-50	100	35	5.0918	0.196447	0.00332154	21.7575	19	0.196384	0.196447	0.196516	0.00308423	0.00334193	0.00367882	17.7353	21.4998	25.2407	0
250	1	95.8	0.0625	4	100	4.5	0.0048	100	-60	-40	0.7	0.03	2	-50	100	35	5.09084	0.196458	0.0023651	42.9201	19	0.196395	0.196463	0.196516	0.00211123	0.00239479	0.00271221	32.6555	41.869	53.8797	0
250	1	95.8	0.0625	4	100	4.5	0.0048	100	-60	-40	0.7	0.03	2	-50	100	35	5.07628	0.197021	0.00233514	44.4082	19	0.196953	0.197021	0.197095	0.00204952	0.00238352	0.00265758	34.2721	42.6253	57.6249	0
250	1	95.8	0.0625	4	100	4.5	0.0048	100	-60	-40	0.7	0.03	2	-50	100	35	5.05946	0.197674	0.00224198	48.6555	19	0.1976	0.197668	0.197742	0.00196216	0.00227852	0.00258957	36.4939	47.0984	63.5177	0
250	1	95.8	0.0625	4	100	4.5	0.0048	100	-60	-40	0.7	0.03	2	-50	100	35	5.05297	0.197937	0.00265397	34.8608	19	0.197863	0.197937	0.197995	0.00240167	0.00267525	0.00300146	27.2453	34.3043	42.57	0
250	1	95.8	0.0625	4	100	4.5	0.0048	100	-60	-40	0.7	0.03	2	-50	100	35	5.0723	0.197179	0.00248564	39.2875	19	0.197121	0.197179	0.197263	0.00226883	0.00252271	0.00282584	30.395	38.1446	47.1511	0
250	1	95.8	0.0625	4	100	4.5	0.0048	100	-60	-40	0.7	0.03	2	-50	100	35	5.05965	0.197658	0.00181822	73.9609	19	0.197595	0.197658	0.197716	0.00165372	0.00185901	0.00213439	53.6803	70.7473	89.3848	0
250	1	95.8	0.0883883	4	100	4.5	0.0048	100	-60	-40	0.7	0.03	2	-50	100	35	5.0682	0.197337	0.00242652	41.3244	19	0.197311	0.197342	0.197374	0.00226957	0.00244287	0.0026517	34.6122	40.7781	47.2301	0
250	1	95.8	0.0883883	4	100	4.5	0.0048	100	-60	-40	0.7	0.03	2	-50	100	35	5.04537	0.198232	0.0025122	39.0804	19	0.198195	0.198232	0.198263	0.00237281	0.00252013	0.00270389	33.7252	38.8334	43.8104	0
250	1	95.8	0.0883883	4	100	4.5	0.0048	100	-60	-40	0.7	0.03	2	-50	100	35	5.05755	0.197774	0.00322436	23.5597	19	0.197737	0.197768	0.197805	0.00306002	0.00324333	0.00336693	21.6084	23.2816	26.1498	0
250	1	95.8	0.0883883	4	100	4.5	0.0048	100	-60	-40	0.7	0.03	2	-50	100	35	5.04782	0.198137	0.00255999	37.581	19	0.198105	0.198132	0.198168	0.00242609	0.00256839	0.00272462	33.1767	37.3398	41.8473	0
250	1	95.8	0.0883883	4	100	4.5	0.0048	100	-60	-40	0.7	0.03	2	-50	100	35	5.05139	0.198005	0.00289549	29.3181	19	0.197963	0.198005	0.198037	0.00274114	0.00289309	0.00301708	27.0027	29.3705	32.7076	0
250	1	95.8	0.0883883	4	100	4.5	0.0048	100	-60	-40	0.7	0.03	2	-50	100	35	5.05874	0.197695	0.00187838	69.3377	19	0.197658	0.197695	0.197721	0.0017232	0.00187601	0.00206178	57.5324	69.522	82.4013	0
250	1	95.8	0.0883883	4	100	4.5	0.0048	100	-60	-40	0.7	0.03	2	-50	100	35	5.06709	0.197395	0.00300804	26.9147	19	0.197358	0.197389	0.197426	0.0028767	0.00301599	0.00319338	23.8793	26.7667	29.4191	0
250	1	95.8	0.0883883	4	100	4.5	0.0048	100	-60	-40	0.7	0.03	2	-50	100	35	5.08799	0.196558	0.00186259	69.3086	19	0.196526	0.196558	0.196595	0.00171055	0.00188452	0.00203289	58.1782	67.7047	82.1708	0
250	1	95.8	0.0883883	4	100	4.5	0.0048	100	-60	-40	0.7	0.03	2	-50	100	35	5.0367	0.198574	0.0025675	37.6093	19	0.198537	0.198568	0.198611	0.00239394	0.00256866	0.00273025	33.2591	37.5768	43.2603	0
250	1	95.8	0.125	4	100	4.5	0.0048	100	-60	-40	0.7	0.03	2	-50	100	35	5.05928	0.197679	0.00216065	52.3916	19	0.197663	0.197679	0.1977	0.00209512	0.00216895	0.00222806	49.2653	51.9935	55.7203	0
250	1	95.8	0.125	4	100	4.5	0.0048	100	-60	-40	0.7	0.03	2	-50	100	35	5.02944	0.198868	0.00286357	30.369	19	0.198853	0.198868	0.198884	0.00281409	0.00286947	0.00295162	28.5866	30.2445	31.4439	0
250	1	95.8	0.125	4	100	4.5	0.0048	100	-60	-40	0.7	0.03	2	-50	100	35	5.05156	0.197979	0.00206386	57.6827	19	0.197958	0.197974	0.197995	0.00199188	0.00206851	0.00215757	52.7812	57.4195	61.9219	0
250	1	95.8	0.125	4	100	4.5	0.0048	100	-60	-40	0.7	0.03	2	-50	100	35	5.05859	0.197726	0.00300995	27.0162	19	0.197711	0.197726	0.197747	0.00293084	0.00302721	0.00310892	25.3236	26.7123	28.4944	0
250	1	95.8	0.125	4	100	4.5	0.0048	100	-60	-40	0.7	0.03	2	-50	100	35	5.03757	0.198532	0.00219951	51.2139	19	0.198511	0.198532	0.198547	0.00214192	0.0022089	0.00227397	47.911	50.7745	54.0047	0
250	1	95.8	0.125	4	100	4.5	0.0048	100	-60	-40	0.7	0.03	2	-50	100	35	5.03361	0.198684	0.00202162	60.7631	19	0.198663	0.198684	0.1987	0.00193025	0.00202888	0.00212223	55.1473	60.3289	66.6523	0
250	1	95.8	0.125	4	100	4.5	0.0048	100	-60	-40	0.7	0.03	2	-50	100	35	5.02147	0.199168	0.00223011	50.299	19	0.199147	0.199168	0.199189	0.00216123	0.00223665	0.00230406	47.1256	49.9964	53.5602	0
250	1	95.8	0.125	4	100	4.5	0.0048	100	-60	-40	0.7	0.03	2	-50	100	35	5.03432	0.198689	0.00334181	22.2389	19	0.198668	0.198689	0.198705	0.003225	0.00332951	0.00340765	21.3877	22.4025	23.8751	0
250	1	95.8	0.125	4	100	4.5	0.0048	100	-60	-40	0.7	0.03	2	-50	100	35	5.02555	0.199005	0.00214488	54.2421	19	0.198984	0.199005	0.199021	0.00206532	0.00215553	0.00222658	50.3387	53.7097	58.497	0
250	1	95.8	0.176777	4	100	4.5	0.0048	100	-60	-40	0.7	0.03	2	-50	100	35	5.04107	0.198405	0.00269144	34.1381	19	0.198395	0.198411	0.198416	0.00266051	0.00270257	0.00275215	32.6513	33.8577	34.9366	0
250	1	95.8	0.176777	4	100	4.5	0.0048	100	-60	-40	0.7	0.03	2	-50	100	35	4.99181	0.200353	0.00228458	48.7892	19	0.200342	0.200353	0.200363	0.00225274	0.00229646	0.00235239	46.0168	48.2876	50.1778	0
250	1	95.8	0.176777	4	100	4.5	0.0048	100	-60	-40	0.7	0.03	2	-50	100	35	5.02436	0.199063	0.00263612	35.9412	19	0.199053	0.199063	0.199079	0.00255826	0.00261857	0.00267731	34.8437	36.4246	38.1623	0
250	1	95.8	0.176777	4	100	4.5	0.0048	100	-60	-40	0.7	0.03	2	-50	100	35	5.02491	0.199042	0.00265755	35.3527	19	0.199021	0.199042	0.199053	0.00261498	0.002652	0.00268955	34.5164	35.5007	36.513	0
250	1	95.8	0.176777	4	100	4.5	0.0048	100	-60	-40	0.7	0.03	2	-50	100	35	5.02519	0.199042	0.00307523	26.4016	19	0.199032	0.199042	0.199053	0.00300986	0.00305164	0.00310471	25.9025	26.8103	27.5609	0
250	1	95.8	0.176777	4	100	4.5	0.0048	100	-60	-40	0.7	0.03	2	-50	100	35	5.05413	0.197879	0.00208822	56.2598	19	0.197863	0.197874	0.197884	0.00203411	0.00208825	0.00214336	53.4023	56.2557	59.2878	0
250	1	95.8	0.176777	4	100	4.5	0.0048	100	-60	-40	0.7	0.03	2	-50	100	35	5.05147	0.197995	0.00261693	35.8863	19	0.197979	0.197989	0.198	0.00258854	0.00262799	0.00268077	34.1945	35.5834	36.6777	0
250	1	95.8	0.176777	4	100	4.5	0.0048	100	-60	-40	0.7	0.03	2	-50	100	35	5.01994	0.199263	0.00348476	20.6293	19	0.199253	0.199263	0.199268	0.00345612	0.00349345	0.00352912	20.114	20.5261	20.971	0
250	1	95.8	0.176777	4	100	4.5	0.0048	100	-60	-40	0.7	0.03	2	-50	100	35	5.075	0.197074	0.00247315	39.6218	19	0.197068	0.197079	0.197089	0.00241536	0.00246623	0.00251662	38.2618	39.8476	41.5438	0
250	1	95.8	0.25	4	100	4.5	0.0048	100	-60	-40	0.7	0.03	2	-50	100	35	4.97819	0.200932	0.00345785	21.4824	19	0.200926	0.200926	0.224571	0.00340882	0.00346023	0.0689868	0.0753488	21.4512	22.1048	0
250	1	95.8	0.25	4	100	4.5	0.0048	100	-60	-40	0.7	0.03	2	-50	100	35	4.98151	0.200816	0.00396334	16.3238	19	0.200816	0.200816	0.224447	0.00364726	0.00395941	0.068868	0.0754843	16.3562	19.2757	0
250	1	95.8	0.25	4	100	4.5	0.0048	100	-60	-40	0.7	0.03	2	-50	100	35	5.00221	0.199974	0.00363147	19.2001	19	0.199968	0.199974	0.2235	0.00337422	0.00362903	0.0675647	0.077436	19.226	22.2393	0
250	1	95.8	0.25	4	100	4.5	0.0048	100	-60	-40	0.7	0.03	2	-50	100	35	4.96184	0.201695	0.00593478	7.37606	19	0.201684	0.201689	0.225424	0.00490196	0.00593679	0.0700679	0.0738771	7.37106	10.81	0
250	1	95.8	0.25	4	100	4.5	0.0048	100	-60	-40	0.7	0.03	2	-50	100	35	4.97499	0.201079	0.00403148	15.8387	19	0.201074	0.201079	0.224735	0.00321638	0.00404194	0.0983903	0.0371244	15.7569	24.8838	0
250	1	95.8	0.25	4	100	4.5	0.0048	100	-60	-40	0.7	0.03	2	-50	100	35	4.98628	0.200674	0.0051438	9.67059	19	0.200342	0.200674	0.224282	0.00429183	0.00515642	0.0990001	0.0364472	9.6233	13.8911	0
250	1	95.8	0.25	4	100	4.5	0.0048	100	-60	-40	0.7	0.03	2	-50	100	35	5.0014	0.199989	0.00311107	26.1668	19	0.199828	0.199989	0.223524	0.00309262	0.00312364	0.0674554	0.0777057	25.9496	26.48	0
250	1	95.8	0.25	4	100	4.5	0.0048	100	-60	-40	0.7	0.03	2	-50	100	35	4.99962	0.2001	0.00428823	13.7955	19	0.200095	0.2001	0.223641	0.00345688	0.00429185	0.067098	0.0786659	13.7722	21.2287	0
250	1	95.8	0.25	4	100	4.5	0.0048	100	-60	-40	0.7	0.03	2	-50	100	35	4.97711	0.200958	0.00283966	31.8663	19	0.200761	0.200963	0.238638	0.00274839	0.00284766	0.109019	0.0362041	31.6888	33.9807	0
250	1	95.8	0.353553	4	100	4.5	0.0048	100	-60	-40	0.7	0.03	2	-50	100	35	4.96059	0.201826	0.00730653	4.87597	19	0.201468	0.201826	0.225571	0.00565263	0.00730653	0.0683752	0.0777261	4.87597	8.10344	0
250	1	95.8	0.353553	4	100	4.5	0.0048	100	-60	-40	0.7	0.03	2	-50	100	35	4.91448	0.204753	0.018273	0.813987	19	0.185252	0.204753	0.216128	0.0175631	0.0182743	0.0633223	0.0677837	0.813872	0.881122	0
250	1	95.8	0.353553	4	100	4.5	0.0048	100	-60	-40	0.7	0.03	2	-50	100	35	6.89069	0.191175	0.0399428	0.138665	20	0.191175	0.191175	0.201347	0.00842281	0.0399185	0.0640347	0.0629277	0.138839	3.63827	0
250	1	95.8	0.353553	4	100	4.5	0.0048	100	-60	-40	0.7	0.03	2	-50	100	35	7.8349	0.19093	0.041281	0.129322	20	0.190925	0.190925	0.212144	0.00549329	0.0412793	0.0819058	0.0450591	0.129325	8.518	0
250	1	95.8	0.353553	4	100	4.5	0.0048	100	-60	-40	0.7	0.03	2	-50	100	35	4.98548	0.200705	0.00527072	9.2148	19	0.2007	0.200705	0.211856	0.00437842	0.00527573	0.047364	0.134207	9.19733	13.3534	0
250	1	95.8	0.353553	4	100	4.5	0.0048	100	-60	-40	0.7	0.03	2	-50	100	35	6.93057	0.193895	0.041216	0.135868	20	0.193516	0.193895	0.2041	0.041069	0.041216	0.0669229	0.0601076	0.135868	0.136843	0
250	1	95.8	0.353553	4	100	4.5	0.0048	100	-60	-40	0.7	0.03	2	-50	100	35	4.87751	0.205668	0.0125457	1.7501	19	0.186081	0.205668	0.229865	0.0119581	0.0125467	0.107827	0.0278639	1.74981	1.92633	0
250	1	95.8	0.353553	4	100	4.5	0.0048	100	-60	-40	0.7	0.03	2	-50	100	35	9.15097	0.19568	0.0459158	0.112529	20	0.186362	0.19568	0.205979	0.0140876	0.045916	0.0583395	0.0602139	0.112528	1.39425	0
250	1	95.8	0.353553	4	100	4.5	0.0048	100	-60	-40	0.7	0.03	2	-50	100	35	9.24035	0.194265	0.0480307	0.100623	20	0.18437	0.194265	0.204856	0.0216198	0.0480307	0.0759078	0.0402866	0.100623	0.579242	0
250	1	95.8	0.5	4	100	4.5	0.0048	100	-60	-40	0.7	0.03	2	-50	100	35	4.9223	0.203592	0.0103848	2.47761	12	0.175229	0.203583	0.2221	0.00862759	0.0103933	0.085808	0.0360862	2.47324	3.61152	0
250	1	95.8	0.5	4	100	4.5	0.0048	100	-60	-40	0.7	0.03	2	-50	100	35	5.00326	0.200032	0.0060373	6.95282	19	0.200026	0.200032	0.223565	0.00543965	0.0060373	0.0649573	0.0838502	6.95282	8.56385	0
250	1	95.8	0.5	4	100	4.5	0.0048	100	-60	-40	0.7	0.03	2	-50	100	35	5.01692	0.199626	0.0084405	3.53563	19	0.189645	0.199626	0.223112	0.00787061	0.0084405	0.0670894	0.060536	3.53563	4.06618	0
250	1	95.8	0.5	4	100	4.5	0.0048	100	-60	-40	0.7	0.03	2	-50	100	35	5.0142	0.199468	0.00271601	34.0651	19	0.199468	0.199468	0.222935	0.00271601	0.00272296	0.0980817	0.0364679	33.8915	34.0651	0
250	1	95.8	0.5	4	100	4.5	0.0048	100	-60	-40	0.7	0.03	2	-50	100	35	9.77241	0.183495	0.0550292	0.0646009	21	0.18264	0.183495	0.201742	0.00482532	0.0550292	0.0741535	0.0411841	0.0646009	11.1658	0
250	1	95.8	0.5	4	100	4.5	0.0048	100	-60	-40	0.7	0.03	2	-50	100	35	5.04893	0.1981	0.00303249	26.7673	6	0.1981	0.1981	0.198633	0.003004	0.00303249	0.00324941	23.5016	26.7673	27.2775	0
250	1	95.8	0.5	4	100	4.5	0.0048	100	-60	-40	0.7	0.03	2	-50	100	35	5.01001	0.1998	0.00709563	5.01597	6	0.173414	0.1998	0.24028	0.00537066	0.00709563	0.121291	0.0178277	5.01597	8.75551	0
250	1	95.8	0.5	4	100	4.5	0.0048	100	-60	-40	0.7	0.03	2	-50	100	35	7.81092	0.19211	0.0421693	0.126243	20	0.19211	0.19211	0.213456	0.00859235	0.0421708	0.0855413	0.0420843	0.126234	3.54655	0
250	1	95.8	0.5	4	100	4.5	0.0048	100	-60	-40	0.7	0.03	2	-50	100	35	6.12884	0.195512	0.0430561	0.127644	17	0.16813	0.186817	0.195712	0.041974	0.055557	0.074916	0.0268125	0.0669897	0.134467	0
250	1	95.8	0.707107	4	100	4.5	0.0048	100	-60	-40	0.7	0.03	2	-50	100	35	8.11239	0.192615	0.0427556	0.123776	20	0.192615	0.192615	0.214017	0.00887627	0.0427556	0.0647871	0.0628742	0.123776	3.34957	0
250	1	95.8	0.707107	4	100	4.5	0.0048	100	-60	-40	0.7	0.03	2	-50	100	35	7.46135	0.192495	0.0414046	0.131738	20	0.192495	0.192495	0.202632	0.0414041	0.0414278	0.0654226	0.0615435	0.131592	0.131745	0
250	1	95.8	0.707107	4	100	4.5	0.0048	100	-60	-40	0.7	0.03	2	-50	100	35	4.97123	0.201374	0.00700284	5.27241	19	0.201374	0.201374	0.212561	0.00556066	0.00700284	0.0489663	0.126825	5.27241	8.36192	0
250	1	95.8	0.707107	4	100	4.5	0.0048	100	-60	-40	0.7	0.03	2	-50	100	35	5.01034	0.199616	0.00245567	41.7635	19	0.199417	0.199616	0.210706	0.00236376	0.00245567	0.047852	0.129353	41.7635	44.9395	0
250	1	95.8	0.707107	4	100	4.5	0.0048	100	-60	-40	0.7	0.03	2	-50	100	35	5.01514	0.199521	0.00528631	8.99935	19	0.199521	0.199521	0.199521	0.00453573	0.00528631	0.00528894	8.99041	8.99935	12.2242	0
250	1	95.8	0.707107	4	100	4.5	0.0048	100	-60	-40	0.7	0.03	2	-50	100	35	4.98373	0.2008	0.00573663	7.78983	19	0.2008	0.2008	0.211956	0.00484883	0.00551584	0.0463471	0.140359	8.42595	10.9036	0
250	1	95.8	0.707107	4	100	4.5	0.0048	100	-60	-40	0.7	0.03	2	-50	100	35	7.70501	0.19035	0.0409355	0.130319	20	0.19035	0.19035	0.210556	0.00338146	0.0409353	0.0637609	0.0626511	0.13032	21.9785	0
250	1	95.8	0.707107	4	100	4.5	0.0048	100	-60	-40	0.7	0.03	2	-50	100	35	4.98643	0.200758	0.00699026	5.24303	19	0.200753	0.200758	0.211911	0.00622078	0.00680337	0.0527863	0.108136	5.53502	6.62031	0
250	1	95.8	0.707107	4	100	4.5	0.0048	100	-60	-40	0.7	0.03	2	-50	100	35	4.96648	0.201684	0.00909263	3.14186	19	0.201679	0.201684	0.212889	0.00854318	0.00909263	0.0470003	0.138295	3.14186	3.55899	0
250	1	95.8	1	4	100	4.5	0.0048	100	-60	-40	0.7	0.03	2	-50	100	35	5.00762	0.199742	0.00314631	25.4893	19	0.199742	0.199742	0.199742	0.00314631	0.00314631	0.00315036	25.4236	25.4893	25.4893	0
250	1	95.8	1	4	100	4.5	0.0048	100	-60	-40	0.7	0.03	2	-50	100	35	4.99683	0.200247	0.00522477	9.31359	19	0.200247	0.200247	0.223806	0.00438081	0.00522477	0.0658768	0.0817899	9.31359	13.2477	0
250	1	95.8	1	4	100	4.5	0.0048	100	-60	-40	0.7	0.03	2	-50	100	35	4.99663	0.200432	0.00845571	3.56574	19	0.19041	0.200432	0.200516	0.00717939	0.00843282	0.0427902	0.119466	3.58963	4.95246	0
250	1	95.8	1	4	100	4.5	0.0048	100	-60	-40	0.7	0.03	2	-50	100	35	5.00027	0.200011	0.00211474	56.6496	19	0.200011	0.200011	0.211122	0.00210314	0.00211474	0.048081	0.128886	56.6496	57.2757	0
250	1	95.8	1	4	100	4.5	0.0048	100	-60	-40	0.7	0.03	2	-50	100	35	5.00963	0.199842	0.00728631	4.75988	19	0.199842	0.199842	0.199842	0.00560598	0.00728631	0.00728631	4.75988	4.75988	8.04096	0
250	1	95.8	1	4	100	4.5	0.0048	100	-60	-40	0.7	0.03	2	-50	100	35	4.98404	0.200742	0.00476286	11.291	19	0.200742	0.200742	0.200742	0.00345757	0.00469057	0.00477171	11.2491	11.6416	21.4251	0
250	1	95.8	1	4	100	4.5	0.0048	100	-60	-40	0.7	0.03	2	-50	100	35	5.02704	0.199047	0.00525181	9.05318	19	0.199047	0.199047	0.210106	0.00504682	0.00505111	0.0469973	0.132959	9.78691	9.80356	0
250	1	95.8	1	4	100	4.5	0.0048	100	-60	-40	0.7	0.03	2	-50	100	35	4.97826	0.201174	0.00832932	3.71573	19	0.201174	0.201174	0.21235	0.00803	0.00832932	0.0467065	0.13898	3.71573	3.9979	0
250	1	95.8	1	4	100	4.5	0.0048	100	-60	-40	0.7	0.03	2	-50	100	35	8.86997	0.19446	0.0444729	0.11772	20	0.19446	0.19446	0.216067	0.0112108	0.0444605	0.0660876	0.062177	0.117786	2.1607	0
250	1	95.8	1.41421	4	100	4.5	0.0048	100	-60	-40	0.7	0.03	2	-50	100	35	4.99247	0.200342	0.00292809	29.6961	19	0.200342	0.200342	0.200342	0.00292809	0.00292809	0.00292809	29.6961	29.6961	29.6961	0
250	1	95.8	1.41421	4	100	4.5	0.0048	100	-60	-40	0.7	0.03	2	-50	100	35	8.87783	0.19232	0.0428421	0.122711	20	0.1923	0.1923	0.19232	0.0427478	0.0428646	0.0429307	0.122166	0.122544	0.123253	0
250	1	95.8	1.41421	4	100	4.5	0.0048	100	-60	-40	0.7	0.03	2	-50	100	35	5.03221	0.198753	0.00261287	36.4128	19	0.198753	0.198753	0.198753	0.00261287	0.00261287	0.00261563	36.3359	36.4128	36.4128	0
250	1	95.8	1.41421	4	100	4.5	0.0048	100	-60	-40	0.7	0.03	2	-50	100	35	4.9892	0.200495	0.00366719	18.9754	19	0.200495	0.200495	0.224082	0.00354518	0.00366719	0.0671594	0.0789876	18.9754	20.304	0
250	1	95.8	1.41421	4	100	4.5	0.0048	100	-60	-40	0.7	0.03	2	-50	100	35	6.69594	0.192265	0.0395209	0.144078	20	0.192265	0.192265	0.192265	0.0395206	0.0395209	0.0407329	0.135632	0.144078	0.14408	0
250	1	95.8	1.41421	4	100	4.5	0.0048	100	-60	-40	0.7	0.03	2	-50	100	35	4.96936	0.201468	0.00734204	4.80327	19	0.201463	0.201468	0.201468	0.00529382	0.00734204	0.00734478	4.79932	4.80327	9.23918	0
250	1	95.8	1.41421	4	100	4.5	0.0048	100	-60	-40	0.7	0.03	2	-50	100	35	5.02749	0.198942	0.00273766	33.2637	19	0.198942	0.198942	0.198942	0.00273766	0.00273766	0.00273766	33.2637	33.2637	33.2637	0
250	1	95.8	1.41421	4	100	4.5	0.0048	100	-60	-40	0.7	0.03	2	-50	100	35	4.95097	0.202163	0.00643214	6.32332	19	0.201647	0.202163	0.213394	0.00434938	0.00640071	0.0471013	0.137841	6.38557	13.7238	0
250	1	95.8	1.41421	4	100	4.5	0.0048	100	-60	-40	0.7	0.03	2	-50	100	35	5.00601	0.199789	0.00249018	40.7199	19	0.199789	0.199789	0.199789	0.00249018	0.00249018	0.00249864	40.4445	40.7199	40.7199	0
250	1	95.8	2	4	100	4.5	0.0048	100	-60	-40	0.7	0.03	2	-50	100	35	5.03877	0.198558	0.00462257	11.5997	19	0.198558	0.198558	0.198558	0.00412153	0.00462257	0.00462257	11.5997	11.5997	14.5913	0
250	1	95.8	2	4	100	4.5	0.0048	100	-60	-40	0.7	0.03	2	-50	100	35	5.00951	0.199695	0.0040294	15.5299	19	0.199695	0.199695	0.199695	0.0033707	0.0040294	0.00403422	15.4928	15.5299	22.1927	0
250	1	95.8	2	4	100	4.5	0.0048	100	-60	-40	0.7	0.03	2	-50	100	35	4.99521	0.200284	0.00455415	12.2652	19	0.200279	0.200284	0.211411	0.00346687	0.00455415	0.0473228	0.133596	12.2652	21.1649	0
250	1	95.8	2	4	100	4.5	0.0048	100	-60	-40	0.7	0.03	2	-50	100	35	4.9768	0.201058	0.00522976	9.40916	19	0.201058	0.201058	0.201089	0.00462088	0.00511135	0.00538017	8.8938	9.85014	12.0521	0
250	1	95.8	2	4	100	4.5	0.0048	100	-60	-40	0.7	0.03	2	-50	100	35	5.02934	0.198874	0.00291468	29.3156	19	0.198874	0.198874	0.198979	0.00275007	0.00291163	0.00291468	29.3156	29.3771	32.9826	0
250	1	95.8	2	4	100	4.5	0.0048	100	-60	-40	0.7	0.03	2	-50	100	35	4.97938	0.200868	0.00294695	29.5488	19	0.200868	0.200868	0.200868	0.00294393	0.00294695	0.00296855	29.1204	29.5488	29.6094	0
250	1	95.8	2	4	100	4.5	0.0048	100	-60	-40	0.7	0.03	2	-50	100	35	4.98429	0.200774	0.00570602	7.87052	19	0.200774	0.200774	0.212788	0.00451095	0.00570602	0.0500613	0.120257	7.87052	12.5931	0
250	1	95.8	2	4	100	4.5	0.0048	100	-60	-40	0.7	0.03	2	-50	100	35	8.66854	0.19021	0.0419151	0.124025	20	0.19021	0.19021	0.200221	0.00434506	0.0419151	0.0419151	0.124025	0.124025	13.4613	0
250	1	95.8	2	4	100	4.5	0.0048	100	-60	-40	0.7	0.03	2	-50	100	35	4.93439	0.202963	0.00829941	3.84333	19	0.202963	0.202963	0.214239	0.00750409	0.00821179	0.0469741	0.1411	3.92578	4.70117	0
250	1	95.8	2.82843	4	100	4.5	0.0048	100	-60	-40	0.7	0.03	2	-50	100	35	5.03675	0.198579	0.00284694	30.5909	19	0.198579	0.198579	0.198579	0.00276779	0.00276779	0.00284694	30.5909	32.3657	32.3657	0
250	1	95.8	2.82843	4	100	4.5	0.0048	100	-60	-40	0.7	0.03	2	-50	100	35	7.48139	0.191025	0.0408559	0.132225	20	0.191025	0.191025	0.21225	0.00552606	0.0408412	0.0632753	0.0642957	0.13232	8.42984	0
250	1	95.8	2.82843	4	100	4.5	0.0048	100	-60	-40	0.7	0.03	2	-50	100	35	4.96545	0.201637	0.00745507	4.67043	19	0.201358	0.201637	0.225359	0.00523252	0.00735604	0.0683743	0.0771942	4.79702	9.44137	0
250	1	95.8	2.82843	4	100	4.5	0.0048	100	-60	-40	0.7	0.03	2	-50	100	35	5.0089	0.199689	0.00306864	26.7747	19	0.199689	0.199689	0.210783	0.00306864	0.00306864	0.0478381	0.129572	26.7747	26.7747	0
250	1	95.8	2.82843	4	100	4.5	0.0048	100	-60	-40	0.7	0.03	2	-50	100	35	8.79948	0.19129	0.0422573	0.124115	20	0.19129	0.19129	0.212544	0.00349004	0.0422573	0.065531	0.0601953	0.124115	21.2225	0
250	1	95.8	2.82843	4	100	4.5	0.0048	100	-60	-40	0.7	0.03	2	-50	100	35	6.5615	0.191945	0.0388408	0.148424	20	0.191945	0.191945	0.191945	0.0387705	0.0388408	0.0388408	0.148424	0.148424	0.148963	0
250	1	95.8	2.82843	4	100	4.5	0.0048	100	-60	-40	0.7	0.03	2	-50	100	35	7.25502	0.19192	0.0408323	0.134246	20	0.19192	0.19192	0.19192	0.0406974	0.0408323	0.0408323	0.134246	0.134246	0.135138	0
250	1	95.8	2.82843	4	100	4.5	0.0048	100	-60	-40	0.7	0.03	2	-50	100	35	5.00178	0.199942	0.0016691	90.8441	19	0.199942	0.199942	0.21105	0.0016691	0.0016691	0.0479792	0.1293	90.8441	90.8441	0
250	1	95.8	2.82843	4	100	4.5	0.0048	100	-60	-40	0.7	0.03	2	-50	100	35	4.96613	0.201474	0.00494569	10.5865	19	0.201474	0.201474	0.201474	0.00405351	0.00481143	0.00497749	10.4517	11.1856	15.7595	0
250	1	95.8	4	4	100	4.5	0.0048	100	-60	-40	0.7	0.03	2	-50	100	35	5.00053	0.200063	0.00428021	13.8395	19	0.200063	0.200063	0.211178	0.00371621	0.00428021	0.0468769	0.135699	13.8395	18.3591	0
250	1	95.8	4	4	100	4.5	0.0048	100	-60	-40	0.7	0.03	2	-50	100	35	5.02155	0.199189	0.0031663	24.9601	19	0.199189	0.199189	0.199195	0.0031663	0.0031663	0.00317306	24.8558	24.9601	24.9601	0
250	1	95.8	4	4	100	4.5	0.0048	100	-60	-40	0.7	0.03	2	-50	100	35	5.01596	0.1994	0.00277649	32.5637	19	0.1994	0.1994	0.1994	0.00276446	0.00277649	0.00279046	32.2385	32.5637	32.8478	0
250	1	95.8	4	4	100	4.5	0.0048	100	-60	-40	0.7	0.03	2	-50	100	35	4.95335	0.202063	0.00639932	6.37887	19	0.202063	0.202063	0.202063	0.00438041	0.00639932	0.00641883	6.34016	6.37887	13.6139	0
250	1	95.8	4	4	100	4.5	0.0048	100	-60	-40	0.7	0.03	2	-50	100	35	4.99836	0.200095	0.00248741	40.9981	19	0.200095	0.200095	0.211211	0.00247082	0.00248741	0.0494019	0.12224	40.9981	41.5503	0
250	1	95.8	4	4	100	4.5	0.0048	100	-60	-40	0.7	0.03	2	-50	100	35	5.03428	0.198658	0.00202026	60.8208	19	0.198658	0.198658	0.209694	0.00201944	0.00202026	0.0473638	0.130142	60.8208	60.8705	0
250	1	95.8	4	4	100	4.5	0.0048	100	-60	-40	0.7	0.03	2	-50	100	35	7.4894	0.1895	0.0403317	0.13246	20	0.1895	0.1895	0.199474	0.00452804	0.0403317	0.0635014	0.0623219	0.13246	12.2571	0
250	1	95.8	4	4	100	4.5	0.0048	100	-60	-40	0.7	0.03	2	-50	100	35	9.1437	0.19192	0.0427748	0.12233	20	0.19192	0.19192	0.202021	0.00501127	0.0427573	0.0427748	0.12233	0.122431	10.3955	0
250	1	95.8	4	4	100	4.5	0.0048	100	-60	-40	0.7	0.03	2	-50	100	35	4.99688	0.200147	0.00218972	52.945	19	0.2001	0.2001	0.211267	0.00212472	0.00215571	0.0472146	0.133839	54.6286	56.1936	0
250	1	95.8	5.65685	4	100	4.5	0.0048	100	-60	-40	0.7	0.03	2	-50	100	35	4.98479	0.200721	0.00488223	10.7422	19	0.200721	0.200721	0.200721	0.00454613	0.00481901	0.00490131	10.6587	11.0259	12.3893	0
250	1	95.8	5.65685	4	100	4.5	0.0048	100	-60	-40	0.7	0.03	2	-50	100	35	5.03187	0.198795	0.00363982	18.7761	19	0.198795	0.198795	0.209839	0.00308572	0.00363982	0.0476277	0.12897	18.7761	26.1248	0
250	1	95.8	5.65685	4	100	4.5	0.0048	100	-60	-40	0.7	0.03	2	-50	100	35	4.99172	0.200426	0.00457455	12.182	19	0.200163	0.200426	0.211561	0.00368649	0.00457455	0.0469636	0.135477	12.182	18.6843	0
250	1	95.8	5.65685	4	100	4.5	0.0048	100	-60	-40	0.7	0.03	2	-50	100	35	4.98623	0.200642	0.00443575	12.9982	19	0.200642	0.200642	0.211789	0.00411344	0.00443575	0.0507029	0.117002	12.9982	15.115	0
250	1	95.8	5.65685	4	100	4.5	0.0048	100	-60	-40	0.7	0.03	2	-50	100	35	4.99474	0.200263	0.00334601	22.7143	19	0.200263	0.200263	0.211389	0.00327892	0.00327892	0.0469434	0.135721	23.6532	23.6532	0
250	1	95.8	5.65685	4	100	4.5	0.0048	100	-60	-40	0.7	0.03	2	-50	100	35	4.9923	0.200411	0.00468993	11.5872	19	0.200411	0.200411	0.200411	0.00430915	0.00463464	0.00468993	11.5872	11.8653	13.7255	0
250	1	95.8	5.65685	4	100	4.5	0.0048	100	-60	-40	0.7	0.03	2	-50	100	35	5.00866	0.199732	0.00411704	14.884	19	0.199732	0.199789	0.199789	0.00385848	0.00388357	0.00419456	14.3514	16.742	16.9457	0
250	1	95.8	5.65685	4	100	4.5	0.0048	100	-60	-40	0.7	0.03	2	-50	100	35	5.00887	0.199679	0.00264818	35.9461	19	0.199679	0.199679	0.199679	0.00264818	0.00264818	0.00264818	35.9461	35.9461	35.9461	0
250	1	95.8	5.65685	4	100	4.5	0.0048	100	-60	-40	0.7	0.03	2	-50	100	35	5.0016	0.200063	0.00524237	9.22563	19	0.200063	0.200063	0.2236	0.00482864	0.00524237	0.0677692	0.0770727	9.22563	10.8743	0
250	1	95.8	8	4	100	4.5	0.0048	100	-60	-40	0.7	0.03	2	-50	100	35	19.5218	0.0521133	0.00707308	0.0895735	75	0.050109	0.0514276	0.0535411	0.00712167	0.0102759	0.0156922	0.0174892	0.0414604	0.0883554	0
250	1	95.8	8	4	100	4.5	0.0048	100	-60	-40	0.7	0.03	2	-50	100	35	19.6809	0.058203	0.0287281	0.00756437	67	0.0520878	0.05571	0.0590864	0.0291845	0.0303425	0.0398758	0.00383347	0.00582778	0.00757706	0
250	1	95.8	8	4	100	4.5	0.0048	100	-60	-40	0.7	0.03	2	-50	100	35	20.0985	0.0590985	0.0261743	0.0095396	66	0.0549366	0.0582164	0.0619127	0.0202679	0.0228968	0.0359928	0.00528129	0.011938	0.0152078	0
250	1	95.8	8	4	100	4.5	0.0048	100	-60	-40	0.7	0.03	2	-50	100	35	19.1042	0.0581463	0.0258107	0.00934368	67	0.0548704	0.0581463	0.0590273	0.0255808	0.0275526	0.0324056	0.00592756	0.0081982	0.00909835	0
250	1	95.8	8	4	100	4.5	0.0048	100	-60	-40	0.7	0.03	2	-50	100	35	19.9446	0.0570779	0.0247131	0.00964055	68	0.0517507	0.0546662	0.0570779	0.0198491	0.023229	0.0284192	0.00668288	0.00968537	0.0136996	0
250	1	95.8	8	4	100	4.5	0.0048	100	-60	-40	0.7	0.03	2	-50	100	35	19.8329	0.0532233	0.0121447	0.0323652	73	0.0504584	0.0525041	0.0555043	0.01158	0.0159493	0.0203341	0.0125487	0.0184914	0.0321184	0
250	1	95.8	8	4	100	4.5	0.0048	100	-60	-40	0.7	0.03	2	-50	100	35	20.176	0.0536264	0.01832	0.0145491	72	0.0514581	0.0536264	0.055187	0.0175913	0.0188518	0.0243566	0.00897073	0.0135825	0.0166837	0
250	1	95.8	8	4	100	4.5	0.0048	100	-60	-40	0.7	0.03	2	-50	100	35	18.4957	0.0612797	0.0319909	0.00711948	64	0.0568391	0.0594227	0.0622524	0.0327011	0.0341429	0.0429401	0.00389519	0.00560323	0.00645403	0
250	1	95.8	8	4	100	4.5	0.0048	100	-60	-40	0.7	0.03	2	-50	100	35	18.759	0.065078	0.0372664	0.00628372	59	0.0598169	0.0627113	0.0659	0.0339171	0.0360896	0.0424532	0.00439623	0.00590611	0.00712746	0
250	1	95.8	11.3137	4	100	4.5	0.0048	100	-60	-40	0.7	0.03	2	-50	100	35	NaN	NaN	NaN	NaN	0	250	1	95.8	11.3137	4	100	4.5	0.0048	100	-60	-40	0.7	0.03	2	-50	100	35	NaN	NaN	NaN	NaN	0	250	1	95.8	11.3137	4	100	4.5	0.0048	100	-60	-40	0.7	0.03	2	-50	100	35	NaN	NaN	NaN	NaN	0	250	1	95.8	11.3137	4	100	4.5	0.0048	100	-60	-40	0.7	0.03	2	-50	100	35	NaN	NaN	NaN	NaN	0	250	1	95.8	11.3137	4	100	4.5	0.0048	100	-60	-40	0.7	0.03	2	-50	100	35	NaN	NaN	NaN	NaN	0	250	1	95.8	11.3137	4	100	4.5	0.0048	100	-60	-40	0.7	0.03	2	-50	100	35	NaN	NaN	NaN	NaN	0	250	1	95.8	11.3137	4	100	4.5	0.0048	100	-60	-40	0.7	0.03	2	-50	100	35	NaN	NaN	NaN	NaN	0	250	1	95.8	11.3137	4	100	4.5	0.0048	100	-60	-40	0.7	0.03	2	-50	100	35	NaN	NaN	NaN	NaN	0	250	1	95.8	11.3137	4	100	4.5	0.0048	100	-60	-40	0.7	0.03	2	-50	100	35	NaN	NaN	NaN	NaN	0	250	1	95.8	16	4	100	4.5	0.0048	100	-60	-40	0.7	0.03	2	-50	100	35	NaN	NaN	NaN	NaN	0	250	1	95.8	16	4	100	4.5	0.0048	100	-60	-40	0.7	0.03	2	-50	100	35	NaN	NaN	NaN	NaN	0	250	1	95.8	16	4	100	4.5	0.0048	100	-60	-40	0.7	0.03	2	-50	100	35	NaN	NaN	NaN	NaN	0	250	1	95.8	16	4	100	4.5	0.0048	100	-60	-40	0.7	0.03	2	-50	100	35	NaN	NaN	NaN	NaN	0	250	1	95.8	16	4	100	4.5	0.0048	100	-60	-40	0.7	0.03	2	-50	100	35	NaN	NaN	NaN	NaN	0	250	1	95.8	16	4	100	4.5	0.0048	100	-60	-40	0.7	0.03	2	-50	100	35	NaN	NaN	NaN	NaN	0	250	1	95.8	16	4	100	4.5	0.0048	100	-60	-40	0.7	0.03	2	-50	100	35	NaN	NaN	NaN	NaN	0	250	1	95.8	16	4	100	4.5	0.0048	100	-60	-40	0.7	0.03	2	-50	100	35	NaN	NaN	NaN	NaN	0	250	1	95.8	16	4	100	4.5	0.0048	100	-60	-40	0.7	0.03	2	-50	100	35	NaN	NaN	NaN	NaN	0	