250	1	95.8	0	4	100	4.5	0.0048	100	-60	-40	0.7	0.03	2	-50	100	35	NaN	NaN	NaN	NaN	0	0.177436	0.196287	0.237219	0.0174805	0.0364363	0.0858567	0.0376388	0.176724	0.582472	0
250	1	95.8	25	4	100	4.5	0.0048	100	-60	-40	0.7	0.03	2	-50	100	35	NaN	NaN	NaN	NaN	0	0.161163	0.175953	0.179981	0.0131116	0.0210495	0.0349209	0.139848	0.370412	1.03579	0
250	1	95.8	50	4	100	4.5	0.0048	100	-60	-40	0.7	0.03	2	-50	100	35	3.96077	0.34531	0.215172	0.0281583	10	0.157542	0.171893	0.173686	0.007591	0.0151449	0.026345	0.206537	0.704947	2.79268	0
250	1	95.8	75	4	100	4.5	0.0048	100	-60	-40	0.7	0.03	2	-50	100	35	5.90173	0.169465	0.00202633	37.5295	23	0.154884	0.169209	0.170357	0.00479151	0.0124121	0.0301137	0.133679	1.00438	6.70057	0
250	1	95.8	100	4	100	4.5	0.0048	100	-60	-40	0.7	0.03	2	-50	100	35	5.72217	0.174832	0.00372308	12.2069	22	0.129237	0.147942	0.174527	0.00793954	0.0457864	0.0550072	0.0229533	0.0483313	2.67023	0
250	1	95.8	125	4	100	4.5	0.0048	100	-60	-40	0.7	0.03	2	-50	100	35	7.01621	0.18695	0.0388607	0.136995	20	0.0853023	0.0937088	0.0983	0.07204	0.0790159	0.0822979	0.00345144	0.0041269	0.00481516	0
250	1	95.8	150	4	100	4.5	0.0048	100	-60	-40	0.7	0.03	2	-50	100	35	10.4317	0.170074	0.0677013	0.0339836	23	0.0771137	0.0872856	0.100295	0.0768897	0.0814026	0.0858354	0.00232648	0.00321405	0.00475272	0
250	1	95.8	175	4	100	4.5	0.0048	100	-60	-40	0.7	0.03	2	-50	100	35	4.80076	0.208322	0.00220442	58.9071	18	0.0942375	0.117181	0.15092	0.0773292	0.0831277	0.0878146	0.00368228	0.00718692	0.0175259	0
250	1	95.8	200	4	100	4.5	0.0048	100	-60	-40	0.7	0.03	2	-50	100	35	4.6873	0.213356	0.00173484	102.175	18	0.110646	0.137036	0.167039	0.0748306	0.0836752	0.0908223	0.0063486	0.0110784	0.026354	0
250	1	95.8	225	4	100	4.5	0.0048	100	-60	-40	0.7	0.03	2	-50	100	35	4.52975	0.220776	0.00178309	107.167	17	0.121416	0.150254	0.189215	0.0688962	0.0860173	0.0924737	0.00751216	0.0143956	0.0449644	0
250	1	95.8	250	4	100	4.5	0.0048	100	-60	-40	0.7	0.03	2	-50	100	35	4.4499	0.224729	0.00111286	290.168	17	0.142856	0.173816	0.214183	0.0425241	0.081238	0.0926858	0.0111997	0.0254313	0.167465	0
250	1	95.8	275	4	100	4.5	0.0048	100	-60	-40	0.7	0.03	2	-50	100	35	4.35546	0.229606	0.00148344	174.165	17	0.150127	0.195195	0.230012	0.00212518	0.0706156	0.0949136	0.0133886	0.0472014	84.913	0
250	1	95.8	300	4	100	4.5	0.0048	100	-60	-40	0.7	0.03	2	-50	100	35	4.26652	0.234406	0.00239345	71.1881	16	0.1645	0.208503	0.234844	0.00192483	0.0651513	0.0952899	0.0155222	0.0675566	110.248	0
250	1	95.8	325	4	100	4.5	0.0048	100	-60	-40	0.7	0.03	2	-50	100	35	4.20185	0.238006	0.00200415	106.281	16	0.181129	0.224006	0.23855	0.00155787	0.0535308	0.0930883	0.0217748	0.124551	175.396	0
250	1	95.8	350	4	100	4.5	0.0048	100	-60	-40	0.7	0.03	2	-50	100	35	4.09575	0.244169	0.00184814	134.943	16	0.19531	0.243725	0.244738	0.00152882	0.00584077	0.0949541	0.0261696	13.5181	197.17	0
250	1	95.8	375	4	100	4.5	0.0048	100	-60	-40	0.7	0.03	2	-50	100	35	3.83418	0.26084	0.00280352	71.4934	15	0.217239	0.260757	0.26134	0.00245522	0.00457818	0.0935387	0.0371091	26.7993	93.2093	0
250	1	95.8	400	4	100	4.5	0.0048	100	-60	-40	0.7	0.03	2	-50	100	35	3.51152	0.284808	0.00305217	78.5212	13	0.231569	0.284777	0.285492	0.00197309	0.00428568	0.106855	0.0344351	39.7877	187.909	0
250	1	95.8	425	4	100	4.5	0.0048	100	-60	-40	0.7	0.03	2	-50	100	35	3.21963	0.310617	0.00273457	126.895	12	0.248493	0.310583	0.311367	0.00191792	0.00377446	0.12119	0.0330798	66.6334	257.49	0
250	1	95.8	450	4	100	4.5	0.0048	100	-60	-40	0.7	0.03	2	-50	100	35	2.87488	0.347873	0.00350402	108.562	11	0.294354	0.347864	0.348736	0.00172764	0.00429399	0.124911	0.0518082	72.1911	448.06	0
250	1	95.8	475	4	100	4.5	0.0048	100	-60	-40	0.7	0.03	2	-50	100	35	NaN	NaN	NaN	NaN	0	250	1	95.8	0	4	100	4.5	0.0048	100	-60	-40	0.7	0.03	2	-50	100	35	NaN	NaN	NaN	NaN	0	0.175118	0.196506	0.224713	0.0178206	0.0363455	0.0656731	0.0574009	0.177512	0.607126	0
250	1	95.8	0	4	100	4.5	0.0048	100	-60	-40	0.7	0.03	2	-50	100	35	NaN	NaN	NaN	NaN	0	0.177764	0.197245	0.227394	0.0208355	0.0364331	0.0905368	0.0401913	0.176663	0.497903	0
250	1	95.8	0	4	100	4.5	0.0048	100	-60	-40	0.7	0.03	2	-50	100	35	NaN	NaN	NaN	NaN	0	0.175141	0.195287	0.234294	0.0191158	0.0368114	0.0697906	0.0524073	0.17278	0.547491	0
250	1	95.8	0	4	100	4.5	0.0048	100	-60	-40	0.7	0.03	2	-50	100	35	NaN	NaN	NaN	NaN	0	0.179957	0.195713	0.23305	0.0174218	0.0356587	0.077886	0.056913	0.191192	0.663892	0
250	1	95.8	0	4	100	4.5	0.0048	100	-60	-40	0.7	0.03	2	-50	100	35	NaN	NaN	NaN	NaN	0	0.173936	0.196334	0.233506	0.0199937	0.0376331	0.0829477	0.048754	0.168522	0.532023	0
250	1	95.8	0	4	100	4.5	0.0048	100	-60	-40	0.7	0.03	2	-50	100	35	NaN	NaN	NaN	NaN	0	0.175968	0.195979	0.237494	0.0193124	0.0365558	0.080612	0.0493414	0.179413	0.52409	0
250	1	95.8	0	4	100	4.5	0.0048	100	-60	-40	0.7	0.03	2	-50	100	35	NaN	NaN	NaN	NaN	0	0.175414	0.197053	0.224276	0.0181553	0.0374132	0.0720553	0.0608561	0.175546	0.547342	0
250	1	95.8	0	4	100	4.5	0.0048	100	-60	-40	0.7	0.03	2	-50	100	35	NaN	NaN	NaN	NaN	0	0.175248	0.195526	0.225076	0.0189803	0.0367425	0.0767617	0.0527529	0.18104	0.600939	0
250	1	95.8	0	4	100	4.5	0.0048	100	-60	-40	0.7	0.03	2	-50	100	35	NaN	NaN	NaN	NaN	0	0.176668	0.197158	0.225412	0.0178456	0.0374246	0.0757967	0.0574837	0.171102	0.619888	0
250	1	95.8	25	4	100	4.5	0.0048	100	-60	-40	0.7	0.03	2	-50	100	35	NaN	NaN	NaN	NaN	0	0.158262	0.176589	0.179245	0.0112063	0.0209595	0.0359659	0.132405	0.381666	1.41076	0
250	1	95.8	25	4	100	4.5	0.0048	100	-60	-40	0.7	0.03	2	-50	100	35	NaN	NaN	NaN	NaN	0	0.161096	0.177014	0.180505	0.0104448	0.0206899	0.0471483	0.0799501	0.384128	1.53064	0
250	1	95.8	25	4	100	4.5	0.0048	100	-60	-40	0.7	0.03	2	-50	100	35	NaN	NaN	NaN	NaN	0	0.161362	0.1759	0.179141	0.0129928	0.0207186	0.029655	0.179928	0.393128	1.03879	0
250	1	95.8	25	4	100	4.5	0.0048	100	-60	-40	0.7	0.03	2	-50	100	35	NaN	NaN	NaN	NaN	0	0.156625	0.176745	0.183933	0.0115231	0.0210716	0.0390807	0.116722	0.377794	1.33242	0
250	1	95.8	25	4	100	4.5	0.0048	100	-60	-40	0.7	0.03	2	-50	100	35	NaN	NaN	NaN	NaN	0	0.160683	0.176086	0.181429	0.0122272	0.0214628	0.0330788	0.147238	0.351003	1.14596	0
250	1	95.8	25	4	100	4.5	0.0048	100	-60	-40	0.7	0.03	2	-50	100	35	NaN	NaN	NaN	NaN	0	0.160552	0.176418	0.18715	0.0126805	0.0214303	0.032635	0.162546	0.358689	1.09749	0
250	1	95.8	25	4	100	4.5	0.0048	100	-60	-40	0.7	0.03	2	-50	100	35	NaN	NaN	NaN	NaN	0	0.161788	0.176191	0.180333	0.012031	0.0208182	0.0352729	0.149244	0.386971	1.21535	0
250	1	95.8	25	4	100	4.5	0.0048	100	-60	-40	0.7	0.03	2	-50	100	35	NaN	NaN	NaN	NaN	0	0.161904	0.176389	0.180019	0.0114495	0.0213538	0.033979	0.155983	0.359905	1.31924	0
250	1	95.8	25	4	100	4.5	0.0048	100	-60	-40	0.7	0.03	2	-50	100	35	NaN	NaN	NaN	NaN	0	0.162267	0.175852	0.179127	0.0111545	0.0206828	0.0326555	0.163408	0.380836	1.40193	0
250	1	95.8	50	4	100	4.5	0.0048	100	-60	-40	0.7	0.03	2	-50	100	35	4.12461	0.328609	0.209546	0.0255876	11	0.153316	0.17165	0.173118	0.00750511	0.0147339	0.0266024	0.199652	0.737859	2.85675	0
250	1	95.8	50	4	100	4.5	0.0048	100	-60	-40	0.7	0.03	2	-50	100	35	3.64159	0.400911	0.259191	0.0303706	9	0.156717	0.171443	0.173009	0.00652333	0.0147151	0.0252213	0.194117	0.73466	3.70124	0
250	1	95.8	50	4	100	4.5	0.0048	100	-60	-40	0.7	0.03	2	-50	100	35	4.30754	0.291092	0.164402	0.0288954	13	0.150808	0.171698	0.173236	0.00672858	0.014506	0.0280111	0.157926	0.766248	3.59577	0
250	1	95.8	50	4	100	4.5	0.0048	100	-60	-40	0.7	0.03	2	-50	100	35	4.75577	0.270214	0.175827	0.020207	14	0.1564	0.171257	0.172841	0.00708147	0.0143551	0.0267934	0.168735	0.779455	3.2052	0
250	1	95.8	50	4	100	4.5	0.0048	100	-60	-40	0.7	0.03	2	-50	100	35	4.17834	0.345109	0.280076	0.0165908	11	0.157421	0.17195	0.173377	0.00833994	0.0145362	0.0271538	0.201065	0.764362	2.34422	0
250	1	95.8	50	4	100	4.5	0.0048	100	-60	-40	0.7	0.03	2	-50	100	35	3.69658	0.36202	0.206586	0.0352003	10	0.157629	0.171809	0.173218	0.00745689	0.0147382	0.0255165	0.220811	0.735963	2.852	0
250	1	95.8	50	4	100	4.5	0.0048	100	-60	-40	0.7	0.03	2	-50	100	35	3.61123	0.38024	0.227175	0.0337288	10	0.157613	0.172207	0.173618	0.00848235	0.0146897	0.026422	0.203608	0.744221	2.25688	0
250	1	95.8	50	4	100	4.5	0.0048	100	-60	-40	0.7	0.03	2	-50	100	35	3.83993	0.32551	0.16958	0.0379747	10	0.151088	0.1706	0.172077	0.00798363	0.0146067	0.0259869	0.176653	0.737884	2.50221	0
250	1	95.8	50	4	100	4.5	0.0048	100	-60	-40	0.7	0.03	2	-50	100	35	3.93941	0.36114	0.249236	0.024008	10	0.156042	0.171491	0.172818	0.00738141	0.0148813	0.0262277	0.196804	0.722385	2.92643	0
250	1	95.8	75	4	100	4.5	0.0048	100	-60	-40	0.7	0.03	2	-50	100	35	5.8855	0.169935	0.00213746	34.0096	23	0.15598	0.169676	0.171087	0.00582873	0.0119764	0.0307228	0.12856	1.08126	4.5946	0
250	1	95.8	75	4	100	4.5	0.0048	100	-60	-40	0.7	0.03	2	-50	100	35	5.90148	0.169491	0.00274341	20.4839	23	0.154724	0.169163	0.170365	0.00580371	0.0123907	0.0296856	0.136542	1.00245	4.57666	0
250	1	95.8	75	4	100	4.5	0.0048	100	-60	-40	0.7	0.03	2	-50	100	35	5.87823	0.170148	0.00226171	30.4899	23	0.144856	0.169867	0.170843	0.00520301	0.0120421	0.0335056	0.0857277	1.07774	5.73924	0
250	1	95.8	75	4	100	4.5	0.0048	100	-60	-40	0.7	0.03	2	-50	100	35	5.86984	0.170374	0.00144071	75.4406	23	0.151012	0.17012	0.171304	0.00580489	0.012183	0.031102	0.123135	1.05276	4.65161	0
250	1	95.8	75	4	100	4.5	0.0048	100	-60	-40	0.7	0.03	2	-50	100	35	5.90958	0.169239	0.00199197	38.68	23	0.149385	0.168837	0.169878	0.00526264	0.0121394	0.033686	0.0930184	1.03883	5.56269	0
250	1	95.8	75	4	100	4.5	0.0048	100	-60	-40	0.7	0.03	2	-50	100	35	5.88254	0.170013	0.00181466	47.2503	23	0.15584	0.169693	0.170909	0.0059592	0.0122526	0.0296362	0.137641	1.03433	4.3862	0
250	1	95.8	75	4	100	4.5	0.0048	100	-60	-40	0.7	0.03	2	-50	100	35	5.88345	0.17	0.0023764	27.546	23	0.15055	0.16958	0.170739	0.00584209	0.0124009	0.0322812	0.103679	1.01833	4.55157	0
250	1	95.8	75	4	100	4.5	0.0048	100	-60	-40	0.7	0.03	2	-50	100	35	5.88184	0.17003	0.00167317	55.5971	23	0.149	0.169657	0.170935	0.00534721	0.0123671	0.0301633	0.122866	1.01349	5.40971	0
250	1	95.8	75	4	100	4.5	0.0048	100	-60	-40	0.7	0.03	2	-50	100	35	5.88531	0.169939	0.00208692	35.6797	23	0.150419	0.169557	0.170722	0.00602163	0.0122526	0.0316827	0.107353	1.03969	4.29012	0
250	1	95.8	100	4	100	4.5	0.0048	100	-60	-40	0.7	0.03	2	-50	100	35	5.71815	0.174977	0.00427328	9.28909	22	0.124687	0.148046	0.167887	0.0264537	0.0459467	0.0561607	0.019626	0.0482594	0.211868	0
250	1	95.8	100	4	100	4.5	0.0048	100	-60	-40	0.7	0.03	2	-50	100	35	5.71906	0.174945	0.00412804	9.94881	22	0.12836	0.147896	0.175	0.00596697	0.0466733	0.0561544	0.0226023	0.0451421	4.76603	0
250	1	95.8	100	4	100	4.5	0.0048	100	-60	-40	0.7	0.03	2	-50	100	35	5.70397	0.1754	0.00396076	10.8914	22	0.121441	0.148315	0.175232	0.00898594	0.0466052	0.0594081	0.0160676	0.0451502	2.1099	0
250	1	95.8	100	4	100	4.5	0.0048	100	-60	-40	0.7	0.03	2	-50	100	35	5.7524	0.173923	0.00398807	10.4735	22	0.124148	0.147292	0.173727	0.00882406	0.0451639	0.05612	0.0212985	0.0504367	2.13215	0
250	1	95.8	100	4	100	4.5	0.0048	100	-60	-40	0.7	0.03	2	-50	100	35	5.70941	0.175236	0.00407309	10.2701	22	0.128417	0.148227	0.174923	0.00937433	0.0465783	0.0560448	0.0224678	0.0463107	1.92845	0
250	1	95.8	100	4	100	4.5	0.0048	100	-60	-40	0.7	0.03	2	-50	100	35	5.73283	0.174541	0.00454036	8.16696	22	0.128483	0.147775	0.174486	0.00687472	0.046079	0.0570764	0.0226604	0.0473457	3.55313	0
250	1	95.8	100	4	100	4.5	0.0048	100	-60	-40	0.7	0.03	2	-50	100	35	5.71951	0.174923	0.00396147	10.7988	22	0.12793	0.14796	0.16803	0.024416	0.0453074	0.0548961	0.0235728	0.0499233	0.248455	0
250	1	95.8	100	4	100	4.5	0.0048	100	-60	-40	0.7	0.03	2	-50	100	35	5.72062	0.174936	0.0050345	6.68771	22	0.125168	0.14804	0.174932	0.0102426	0.0453093	0.0558496	0.0219818	0.0498449	1.61559	0
250	1	95.8	100	4	100	4.5	0.0048	100	-60	-40	0.7	0.03	2	-50	100	35	5.76094	0.173677	0.00420249	9.39219	22	0.131645	0.147327	0.173459	0.0083771	0.0440192	0.0541133	0.0268145	0.054817	2.35165	0
250	1	95.8	125	4	100	4.5	0.0048	100	-60	-40	0.7	0.03	2	-50	100	35	5.09483	0.19629	0.00160882	92.5183	20	0.0891182	0.0955549	0.098585	0.0745879	0.0787081	0.082281	0.00378792	0.00436942	0.00489077	0
250	1	95.8	125	4	100	4.5	0.0048	100	-60	-40	0.7	0.03	2	-50	100	35	5.08153	0.196805	0.00171642	81.9248	19	0.0855818	0.0937475	0.0983525	0.0730261	0.0789105	0.0827665	0.00355441	0.00417837	0.00484873	0
250	1	95.8	125	4	100	4.5	0.0048	100	-60	-40	0.7	0.03	2	-50	100	35	5.09284	0.196365	0.00149394	107.417	20	0.0872867	0.0956573	0.09849	0.0733022	0.0789114	0.0828113	0.00366251	0.0043579	0.00488158	0
250	1	95.8	125	4	100	4.5	0.0048	100	-60	-40	0.7	0.03	2	-50	100	35	5.07653	0.197005	0.00205628	57.2555	19	0.0855091	0.0938138	0.09839	0.0737418	0.0788225	0.0824803	0.0035056	0.00411325	0.00480737	0
250	1	95.8	125	4	100	4.5	0.0048	100	-60	-40	0.7	0.03	2	-50	100	35	6.6182	0.186648	0.036883	0.151344	21	0.08702	0.09355	0.09827	0.0729469	0.0787422	0.0823923	0.00351673	0.00424291	0.00482967	0
250	1	95.8	125	4	100	4.5	0.0048	100	-60	-40	0.7	0.03	2	-50	100	35	5.0867	0.19661	0.00198014	61.3728	20	0.0854318	0.0940237	0.0983975	0.0735365	0.0790654	0.0820862	0.00352538	0.00425654	0.00488687	0
250	1	95.8	125	4	100	4.5	0.0048	100	-60	-40	0.7	0.03	2	-50	100	35	5.07822	0.196932	0.00159898	94.5828	19	0.0872581	0.0937688	0.098305	0.0736808	0.0787042	0.0822123	0.00364243	0.00415797	0.00486777	0
250	1	95.8	125	4	100	4.5	0.0048	100	-60	-40	0.7	0.03	2	-50	100	35	5.09723	0.1962	0.00177438	75.9547	20	0.0872467	0.0937845	0.098485	0.0744743	0.0787136	0.0831078	0.00359203	0.00432116	0.00476395	0
250	1	95.8	125	4	100	4.5	0.0048	100	-60	-40	0.7	0.03	2	-50	100	35	5.0994	0.19612	0.00196056	62.1379	20	0.0851435	0.0954902	0.0984375	0.0711337	0.0786242	0.0828753	0.0035809	0.00433794	0.00481534	0
250	1	95.8	150	4	100	4.5	0.0048	100	-60	-40	0.7	0.03	2	-50	100	35	7.80408	0.186443	0.053302	0.0722271	21	0.0768588	0.0874633	0.09799	0.0760155	0.0817254	0.0871247	0.00235806	0.00324991	0.00426935	0
250	1	95.8	150	4	100	4.5	0.0048	100	-60	-40	0.7	0.03	2	-50	100	35	7.79067	0.186924	0.0534374	0.0724192	21	0.077049	0.0892307	0.100692	0.0766336	0.0816826	0.0882949	0.00236784	0.00339169	0.00482467	0
250	1	95.8	150	4	100	4.5	0.0048	100	-60	-40	0.7	0.03	2	-50	100	35	7.8115	0.186281	0.053222	0.0722559	21	0.0753212	0.0888807	0.100646	0.0760836	0.0814574	0.0858911	0.00233732	0.00330472	0.00478657	0
250	1	95.8	150	4	100	4.5	0.0048	100	-60	-40	0.7	0.03	2	-50	100	35	11.7317	0.163838	0.0724441	0.0265328	24	0.0754173	0.0872611	0.100785	0.0757176	0.0812237	0.0859916	0.00212397	0.0032227	0.00467241	0
250	1	95.8	150	4	100	4.5	0.0048	100	-60	-40	0.7	0.03	2	-50	100	35	9.40651	0.177595	0.0620989	0.0459915	22	0.0753558	0.0888909	0.102787	0.0745276	0.0813677	0.0864134	0.00217063	0.00331855	0.00510752	0
250	1	95.8	150	4	100	4.5	0.0048	100	-60	-40	0.7	0.03	2	-50	100	35	9.19517	0.1778	0.06173	0.0467038	22	0.0755077	0.0875378	0.100797	0.0763463	0.0815524	0.0863208	0.00233856	0.00323083	0.00497768	0
250	1	95.8	150	4	100	4.5	0.0048	100	-60	-40	0.7	0.03	2	-50	100	35	11.5788	0.162808	0.0717745	0.026524	24	0.0754327	0.0873267	0.100308	0.0761745	0.0815174	0.0863094	0.00231597	0.00322359	0.00466518	0
250	1	95.8	150	4	100	4.5	0.0048	100	-60	-40	0.7	0.03	2	-50	100	35	11.6226	0.162946	0.0718617	0.0265268	24	0.0797531	0.0873844	0.100262	0.0765432	0.0814915	0.0862792	0.00252207	0.00321409	0.00472832	0
250	1	95.8	150	4	100	4.5	0.0048	100	-60	-40	0.7	0.03	2	-50	100	35	9.09468	0.177745	0.0615372	0.0469537	22	0.0739698	0.0874067	0.103363	0.0744521	0.0813296	0.0863876	0.00209334	0.0032405	0.00496395	0
250	1	95.8	175	4	100	4.5	0.0048	100	-60	-40	0.7	0.03	2	-50	100	35	4.81168	0.207844	0.00191963	77.1493	18	0.0918805	0.116895	0.139496	0.0769604	0.0827838	0.0885385	0.00385988	0.00722409	0.0138368	0
250	1	95.8	175	4	100	4.5	0.0048	100	-60	-40	0.7	0.03	2	-50	100	35	4.82345	0.207333	0.00168663	99.202	18	0.0938	0.115712	0.149312	0.0767231	0.082594	0.0889517	0.00395713	0.00705697	0.0179053	0
250	1	95.8	175	4	100	4.5	0.0048	100	-60	-40	0.7	0.03	2	-50	100	35	4.81907	0.207533	0.00230753	53.1518	18	0.0919098	0.116742	0.145656	0.0757954	0.0827937	0.088132	0.00355945	0.00704759	0.0158279	0
250	1	95.8	175	4	100	4.5	0.0048	100	-60	-40	0.7	0.03	2	-50	100	35	4.80391	0.208183	0.00208418	65.7682	18	0.0965821	0.117089	0.145742	0.0767309	0.082948	0.0890767	0.00394097	0.00722917	0.0166482	0
250	1	95.8	175	4	100	4.5	0.0048	100	-60	-40	0.7	0.03	2	-50	100	35	4.83009	0.20705	0.00177706	88.9963	18	0.0961949	0.115574	0.143388	0.0765898	0.0825321	0.0887617	0.0042205	0.00707221	0.0155349	0
250	1	95.8	175	4	100	4.5	0.0048	100	-60	-40	0.7	0.03	2	-50	100	35	4.80237	0.20825	0.00209123	65.3887	18	0.0962487	0.114867	0.150248	0.0770259	0.0832642	0.0877401	0.00406161	0.0072238	0.0178584	0
250	1	95.8	175	4	100	4.5	0.0048	100	-60	-40	0.7	0.03	2	-50	100	35	4.80175	0.208267	0.00144018	137.904	18	0.0938475	0.117152	0.144258	0.0770588	0.083067	0.0883183	0.00378182	0.00717362	0.0152879	0
250	1	95.8	175	4	100	4.5	0.0048	100	-60	-40	0.7	0.03	2	-50	100	35	4.80309	0.208211	0.00160216	111.339	18	0.0966923	0.114505	0.150676	0.0772226	0.0831113	0.0889675	0.00421759	0.00694544	0.0180392	0
250	1	95.8	175	4	100	4.5	0.0048	100	-60	-40	0.7	0.03	2	-50	100	35	4.80154	0.208294	0.00247706	46.6346	18	0.0923171	0.11437	0.156158	0.076396	0.0830247	0.0880792	0.00374553	0.00693244	0.0206588	0
250	1	95.8	200	4	100	4.5	0.0048	100	-60	-40	0.7	0.03	2	-50	100	35	4.6842	0.213494	0.00156937	125.101	18	0.114226	0.133597	0.167083	0.0758907	0.0836849	0.0907473	0.00681009	0.010695	0.0256429	0
250	1	95.8	200	4	100	4.5	0.0048	100	-60	-40	0.7	0.03	2	-50	100	35	4.68247	0.213572	0.00150169	136.781	18	0.107753	0.137129	0.168374	0.0733493	0.0835988	0.0888609	0.00598868	0.0110619	0.0280876	0
250	1	95.8	200	4	100	4.5	0.0048	100	-60	-40	0.7	0.03	2	-50	100	35	4.66798	0.214239	0.00173955	102.889	18	0.107183	0.137564	0.167661	0.0771668	0.0841204	0.0887858	0.00553682	0.0111127	0.0250602	0
250	1	95.8	200	4	100	4.5	0.0048	100	-60	-40	0.7	0.03	2	-50	100	35	4.66989	0.214156	0.00201121	76.8818	18	0.107822	0.135853	0.175232	0.0715486	0.0841094	0.08979	0.00575372	0.0111305	0.0332802	0
250	1	95.8	200	4	100	4.5	0.0048	100	-60	-40	0.7	0.03	2	-50	100	35	4.68559	0.213428	0.00129651	183.126	18	0.113679	0.137205	0.161754	0.0780396	0.0836956	0.0893621	0.00644597	0.0111448	0.0218189	0
250	1	95.8	200	4	100	4.5	0.0048	100	-60	-40	0.7	0.03	2	-50	100	35	4.68748	0.213344	0.00152092	132.917	18	0.11623	0.136963	0.16807	0.0756179	0.0839758	0.0889245	0.00671629	0.011083	0.0262887	0
250	1	95.8	200	4	100	4.5	0.0048	100	-60	-40	0.7	0.03	2	-50	100	35	4.66806	0.214233	0.00160551	120.778	18	0.11415	0.133934	0.160904	0.0759247	0.0842932	0.0896434	0.00651139	0.0108013	0.0228567	0
250	1	95.8	200	4	100	4.5	0.0048	100	-60	-40	0.7	0.03	2	-50	100	35	4.67005	0.214139	0.00139964	158.71	18	0.113765	0.134121	0.175173	0.0707924	0.0841352	0.0895623	0.00621045	0.0108055	0.0339607	0
250	1	95.8	200	4	100	4.5	0.0048	100	-60	-40	0.7	0.03	2	-50	100	35	4.67412	0.213961	0.00196563	80.2698	18	0.114212	0.13385	0.167204	0.0757606	0.0840722	0.0901217	0.0068768	0.0107923	0.0257873	0
250	1	95.8	225	4	100	4.5	0.0048	100	-60	-40	0.7	0.03	2	-50	100	35	4.55285	0.219659	0.00193393	89.7255	17	0.121558	0.14959	0.196516	0.059829	0.0855239	0.092142	0.00746592	0.0142807	0.0671305	0
250	1	95.8	225	4	100	4.5	0.0048	100	-60	-40	0.7	0.03	2	-50	100	35	4.54255	0.220165	0.00237591	59.8598	17	0.129007	0.149746	0.187675	0.0706604	0.0854471	0.0928367	0.00830264	0.0143927	0.0418815	0
250	1	95.8	225	4	100	4.5	0.0048	100	-60	-40	0.7	0.03	2	-50	100	35	4.52675	0.220924	0.00185457	99.2641	17	0.121219	0.150992	0.187675	0.0673089	0.0858417	0.0930683	0.00755292	0.0148464	0.0461871	0
250	1	95.8	225	4	100	4.5	0.0048	100	-60	-40	0.7	0.03	2	-50	100	35	4.53684	0.220429	0.0016665	122.11	17	0.121758	0.150962	0.18736	0.0689902	0.0856599	0.0941934	0.0073528	0.0146148	0.0437143	0
250	1	95.8	225	4	100	4.5	0.0048	100	-60	-40	0.7	0.03	2	-50	100	35	4.5328	0.220624	0.0014927	152.602	17	0.120961	0.150162	0.18772	0.0702493	0.0855633	0.0922757	0.00719097	0.0147306	0.0424422	0
250	1	95.8	225	4	100	4.5	0.0048	100	-60	-40	0.7	0.03	2	-50	100	35	4.53372	0.220576	0.00130025	200.988	17	0.124897	0.150042	0.18927	0.0674635	0.0855722	0.0923523	0.00801916	0.0144371	0.0458398	0
250	1	95.8	225	4	100	4.5	0.0048	100	-60	-40	0.7	0.03	2	-50	100	35	4.53794	0.220376	0.0016932	118.204	17	0.1174	0.149842	0.197447	0.059977	0.0862347	0.0937826	0.00706044	0.0141485	0.0674835	0
250	1	95.8	225	4	100	4.5	0.0048	100	-60	-40	0.7	0.03	2	-50	100	35	4.54461	0.220059	0.00205154	80.1689	17	0.121581	0.149862	0.179786	0.0740156	0.0856392	0.0919325	0.00790243	0.0146842	0.0328767	0
250	1	95.8	225	4	100	4.5	0.0048	100	-60	-40	0.7	0.03	2	-50	100	35	4.54352	0.220106	0.00170238	116.502	17	0.124777	0.14989	0.18695	0.0680356	0.0856861	0.0925716	0.00776944	0.0146306	0.0446945	0
250	1	95.8	250	4	100	4.5	0.0048	100	-60	-40	0.7	0.03	2	-50	100	35	4.45269	0.224594	0.00160486	139.274	17	0.136136	0.173609	0.212422	0.0454321	0.0810763	0.0918199	0.0104188	0.0252655	0.146345	0
250	1	95.8	250	4	100	4.5	0.0048	100	-60	-40	0.7	0.03	2	-50	100	35	4.45839	0.224306	0.00150394	157.983	17	0.137329	0.17347	0.211944	0.0448672	0.0805403	0.0926791	0.00997342	0.0255302	0.149219	0
250	1	95.8	250	4	100	4.5	0.0048	100	-60	-40	0.7	0.03	2	-50	100	35	4.44902	0.224794	0.00245471	59.6906	17	0.132059	0.173718	0.21265	0.0440029	0.0815994	0.0934448	0.00946913	0.0248725	0.157247	0
250	1	95.8	250	4	100	4.5	0.0048	100	-60	-40	0.7	0.03	2	-50	100	35	4.45432	0.224524	0.00231072	67.1185	17	0.132693	0.173561	0.212111	0.0445795	0.0802803	0.0909313	0.0093078	0.0254848	0.152044	0
250	1	95.8	250	4	100	4.5	0.0048	100	-60	-40	0.7	0.03	2	-50	100	35	4.45344	0.224565	0.00214474	77.9514	17	0.137593	0.173548	0.212339	0.0451815	0.081069	0.0923967	0.0104797	0.0252912	0.148497	0
250	1	95.8	250	4	100	4.5	0.0048	100	-60	-40	0.7	0.03	2	-50	100	35	4.44053	0.225206	0.00135714	196.353	17	0.141722	0.17408	0.225176	0.00357396	0.0809362	0.0920099	0.010826	0.0261132	28.3022	0
250	1	95.8	250	4	100	4.5	0.0048	100	-60	-40	0.7	0.03	2	-50	100	35	4.45454	0.2245	0.00155443	148.271	17	0.141137	0.173509	0.212217	0.0449083	0.0810827	0.0937919	0.0109802	0.0253444	0.149661	0
250	1	95.8	250	4	100	4.5	0.0048	100	-60	-40	0.7	0.03	2	-50	100	35	4.44291	0.225088	0.00159917	141.195	17	0.141767	0.174077	0.212728	0.0449876	0.0807633	0.0921533	0.0115779	0.0258435	0.15057	0
250	1	95.8	250	4	100	4.5	0.0048	100	-60	-40	0.7	0.03	2	-50	100	35	4.44712	0.224888	0.00237326	63.9382	17	0.136286	0.173823	0.214106	0.0453503	0.0814296	0.0933742	0.00992884	0.0251775	0.148984	0
250	1	95.8	275	4	100	4.5	0.0048	100	-60	-40	0.7	0.03	2	-50	100	35	4.35026	0.229888	0.00202296	93.9999	17	0.15634	0.195443	0.230047	0.00201316	0.0728152	0.0929042	0.0156298	0.0445761	94.9101	0
250	1	95.8	275	4	100	4.5	0.0048	100	-60	-40	0.7	0.03	2	-50	100	35	4.34966	0.229912	0.00146325	179.72	17	0.156336	0.19544	0.230035	0.00257996	0.0727892	0.0923534	0.0141847	0.0446211	57.904	0
250	1	95.8	275	4	100	4.5	0.0048	100	-60	-40	0.7	0.03	2	-50	100	35	4.35309	0.229753	0.00276747	50.138	17	0.156236	0.195275	0.229906	0.0030697	0.0737048	0.0949366	0.0133976	0.0433377	40.8326	0
250	1	95.8	275	4	100	4.5	0.0048	100	-60	-40	0.7	0.03	2	-50	100	35	4.34784	0.230018	0.0021208	85.6711	17	0.156364	0.195522	0.230212	0.00237131	0.0735326	0.0928567	0.0151226	0.0437251	68.5949	0
250	1	95.8	275	4	100	4.5	0.0048	100	-60	-40	0.7	0.03	2	-50	100	35	4.33562	0.230659	0.00165758	141.42	17	0.15736	0.196058	0.230906	0.00195644	0.0731845	0.0937055	0.0146117	0.0446147	101.507	0
250	1	95.8	275	4	100	4.5	0.0048	100	-60	-40	0.7	0.03	2	-50	100	35	4.35892	0.229429	0.00190649	105.203	17	0.1559	0.19501	0.229576	0.00206305	0.0729019	0.0916869	0.014332	0.0443721	89.8486	0
250	1	95.8	275	4	100	4.5	0.0048	100	-60	-40	0.7	0.03	2	-50	100	35	4.34907	0.229947	0.00176781	123.187	17	0.156192	0.195415	0.230218	0.00249326	0.0732283	0.0928015	0.0159763	0.0440555	61.6831	0
250	1	95.8	275	4	100	4.5	0.0048	100	-60	-40	0.7	0.03	2	-50	100	35	4.35316	0.229741	0.00236063	68.8987	17	0.150285	0.195315	0.230171	0.00268781	0.0713208	0.0916285	0.0135503	0.0463848	52.9134	0
250	1	95.8	275	4	100	4.5	0.0048	100	-60	-40	0.7	0.03	2	-50	100	35	4.34259	0.2303	0.00234014	70.6234	17	0.156712	0.195745	0.230729	0.00319768	0.0731003	0.093198	0.0140296	0.0444383	37.8961	0
250	1	95.8	300	4	100	4.5	0.0048	100	-60	-40	0.7	0.03	2	-50	100	35	4.26506	0.234494	0.00276658	53.3406	16	0.170527	0.208544	0.235006	0.00239805	0.0649464	0.0950874	0.0173655	0.0680316	70.9612	0
250	1	95.8	300	4	100	4.5	0.0048	100	-60	-40	0.7	0.03	2	-50	100	35	4.25805	0.234863	0.00180513	125.885	16	0.172273	0.209031	0.235331	0.00189614	0.0642985	0.0950001	0.0179371	0.0699868	114.109	0
250	1	95.8	300	4	100	4.5	0.0048	100	-60	-40	0.7	0.03	2	-50	100	35	4.26444	0.234512	0.00195751	106.572	16	0.163139	0.210311	0.234587	0.0017619	0.063482	0.0962519	0.014839	0.0714918	131.496	0
250	1	95.8	300	4	100	4.5	0.0048	100	-60	-40	0.7	0.03	2	-50	100	35	4.25984	0.234769	0.00213001	90.3039	16	0.170823	0.208942	0.235256	0.0021093	0.0642318	0.0941505	0.017805	0.0698397	92.049	0
250	1	95.8	300	4	100	4.5	0.0048	100	-60	-40	0.7	0.03	2	-50	100	35	4.27009	0.234206	0.00219954	84.0782	16	0.162948	0.220135	0.234575	0.0016586	0.0541968	0.0934552	0.0156852	0.115595	147.887	0
250	1	95.8	300	4	100	4.5	0.0048	100	-60	-40	0.7	0.03	2	-50	100	35	4.26672	0.234394	0.00231732	75.9307	16	0.156667	0.208389	0.234606	0.00215805	0.0654226	0.0989316	0.0124397	0.0670943	86.986	0
250	1	95.8	300	4	100	4.5	0.0048	100	-60	-40	0.7	0.03	2	-50	100	35	4.26744	0.234344	0.00168956	142.745	16	0.170291	0.220421	0.234869	0.00156626	0.0540312	0.0949201	0.0175735	0.116324	166.092	0
250	1	95.8	300	4	100	4.5	0.0048	100	-60	-40	0.7	0.03	2	-50	100	35	4.26661	0.2344	0.0023506	73.8014	16	0.170418	0.220253	0.234625	0.00228144	0.0542124	0.0919892	0.0185193	0.115577	78.3127	0
250	1	95.8	300	4	100	4.5	0.0048	100	-60	-40	0.7	0.03	2	-50	100	35	4.25152	0.235225	0.00194165	109.31	16	0.163639	0.210942	0.23545	0.00173008	0.0626781	0.0970568	0.0147285	0.0736869	137.57	0
250	1	95.8	325	4	100	4.5	0.0048	100	-60	-40	0.7	0.03	2	-50	100	35	4.19794	0.238237	0.00252266	67.2763	16	0.181538	0.224235	0.238688	0.00212876	0.0526428	0.0940773	0.021427	0.128787	94.4697	0
250	1	95.8	325	4	100	4.5	0.0048	100	-60	-40	0.7	0.03	2	-50	100	35	4.19216	0.238569	0.00268495	59.6374	16	0.190645	0.224521	0.239056	0.00242019	0.0529867	0.0880653	0.0283558	0.127732	73.3818	0
250	1	95.8	325	4	100	4.5	0.0048	100	-60	-40	0.7	0.03	2	-50	100	35	4.18322	0.239063	0.00176895	138.247	16	0.191255	0.225	0.239569	0.00161151	0.0529357	0.0900145	0.0273378	0.128396	166.592	0
250	1	95.8	325	4	100	4.5	0.0048	100	-60	-40	0.7	0.03	2	-50	100	35	4.16756	0.239963	0.00190609	120.419	16	0.166939	0.225853	0.240525	0.00164842	0.053162	0.101416	0.0143224	0.129008	160.994	0
250	1	95.8	325	4	100	4.5	0.0048	100	-60	-40	0.7	0.03	2	-50	100	35	4.17941	0.239288	0.00222677	87.4903	16	0.182286	0.225271	0.239719	0.00201179	0.0516191	0.0955858	0.0209904	0.135695	107.213	0
250	1	95.8	325	4	100	4.5	0.0048	100	-60	-40	0.7	0.03	2	-50	100	35	4.19467	0.238419	0.00232184	79.5986	16	0.181633	0.224421	0.2389	0.00202369	0.0515942	0.0929396	0.0219652	0.134755	104.789	0
250	1	95.8	325	4	100	4.5	0.0048	100	-60	-40	0.7	0.03	2	-50	100	35	4.19665	0.238294	0.00145898	201.275	16	0.190265	0.224262	0.2388	0.00138221	0.0531716	0.0875742	0.0286049	0.126455	224.166	0
250	1	95.8	325	4	100	4.5	0.0048	100	-60	-40	0.7	0.03	2	-50	100	35	4.1925	0.238544	0.00239359	75.0159	16	0.1823	0.224506	0.239025	0.00223031	0.0518302	0.095048	0.0212336	0.133366	86.497	0
250	1	95.8	325	4	100	4.5	0.0048	100	-60	-40	0.7	0.03	2	-50	100	35	4.20578	0.237781	0.00184073	125.633	16	0.190185	0.223794	0.238206	0.00173127	0.0534411	0.0868235	0.0289622	0.124139	141.954	0
250	1	95.8	350	4	100	4.5	0.0048	100	-60	-40	0.7	0.03	2	-50	100	35	4.07705	0.245288	0.0017663	149.777	16	0.1962	0.245088	0.2459	0.00167689	0.00422956	0.094511	0.0267721	26.1324	166.519	0
250	1	95.8	350	4	100	4.5	0.0048	100	-60	-40	0.7	0.03	2	-50	100	35	4.04248	0.247413	0.00329325	44.2149	15	0.19668	0.232241	0.247913	0.00281218	0.0544938	0.0930149	0.0278436	0.133192	60.6656	0
250	1	95.8	350	4	100	4.5	0.0048	100	-60	-40	0.7	0.03	2	-50	100	35	4.09444	0.244256	0.00242569	78.4184	16	0.195425	0.237117	0.244725	0.00196193	0.0283646	0.0937594	0.026882	6.58401	119.845	0
250	1	95.8	350	4	100	4.5	0.0048	100	-60	-40	0.7	0.03	2	-50	100	35	4.07049	0.245694	0.00245179	78.1205	16	0.19616	0.231885	0.246175	0.00203116	0.0520245	0.0905253	0.0291636	0.144297	114.279	0
250	1	95.8	350	4	100	4.5	0.0048	100	-60	-40	0.7	0.03	2	-50	100	35	4.07515	0.245406	0.00206703	109.525	16	0.206637	0.231262	0.246	0.00191659	0.0523672	0.0870674	0.0368662	0.142732	127.384	0
250	1	95.8	350	4	100	4.5	0.0048	100	-60	-40	0.7	0.03	2	-50	100	35	4.06455	0.246044	0.00191484	128.624	16	0.194311	0.245881	0.24664	0.00168133	0.00419767	0.0952226	0.0256188	26.7596	167.029	0
250	1	95.8	350	4	100	4.5	0.0048	100	-60	-40	0.7	0.03	2	-50	100	35	4.06857	0.245794	0.00137815	247.555	16	0.206837	0.245641	0.2463	0.00132136	0.00411808	0.0862978	0.0376961	27.7227	269.392	0
250	1	95.8	350	4	100	4.5	0.0048	100	-60	-40	0.7	0.03	2	-50	100	35	4.06147	0.246227	0.0016611	171.304	15	0.205194	0.245846	0.24678	0.00161708	0.00423385	0.0881345	0.0359343	26.2926	180.756	0
250	1	95.8	350	4	100	4.5	0.0048	100	-60	-40	0.7	0.03	2	-50	100	35	4.07571	0.245369	0.00183147	139.446	16	0.196365	0.245209	0.245944	0.00140675	0.00427834	0.0943429	0.0269354	25.6057	236.395	0
250	1	95.8	375	4	100	4.5	0.0048	100	-60	-40	0.7	0.03	2	-50	100	35	3.81701	0.262013	0.00281244	72.0036	15	0.218322	0.26191	0.262647	0.00228738	0.00456232	0.0952654	0.0363167	27.3694	108.954	0
250	1	95.8	375	4	100	4.5	0.0048	100	-60	-40	0.7	0.03	2	-50	100	35	3.82212	0.261653	0.00229716	107.485	15	0.218044	0.26158	0.26222	0.00199552	0.00396846	0.0943315	0.0369828	36.0705	142.555	0
250	1	95.8	375	4	100	4.5	0.0048	100	-60	-40	0.7	0.03	2	-50	100	35	3.83268	0.26092	0.0012729	347.121	15	0.217278	0.26084	0.261447	0.00096619	0.00356248	0.094907	0.036152	44.256	602.301	0
250	1	95.8	375	4	100	4.5	0.0048	100	-60	-40	0.7	0.03	2	-50	100	35	3.82884	0.261207	0.00295356	64.6861	15	0.217583	0.261127	0.261767	0.00245295	0.00462233	0.0939846	0.0369556	26.3956	93.7261	0
250	1	95.8	375	4	100	4.5	0.0048	100	-60	-40	0.7	0.03	2	-50	100	35	3.81877	0.261893	0.00286119	69.4755	15	0.218228	0.261813	0.262493	0.00197971	0.00451049	0.095335	0.0362222	27.9487	145.307	0
250	1	95.8	375	4	100	4.5	0.0048	100	-60	-40	0.7	0.03	2	-50	100	35	3.82774	0.261273	0.00249985	90.3667	15	0.206058	0.261213	0.261687	0.002017	0.00443912	0.101141	0.027081	28.5582	138.28	0
250	1	95.8	375	4	100	4.5	0.0048	100	-60	-40	0.7	0.03	2	-50	100	35	3.8149	0.26214	0.00164829	209.934	15	0.218439	0.262033	0.262707	0.00149316	0.00381386	0.0947547	0.0367591	39.1207	255.9	0
250	1	95.8	375	4	100	4.5	0.0048	100	-60	-40	0.7	0.03	2	-50	100	35	3.83142	0.261027	0.0027403	74.991	15	0.206011	0.26097	0.261633	0.00246002	0.00430613	0.100386	0.0274706	30.3451	93.045	0
250	1	95.8	375	4	100	4.5	0.0048	100	-60	-40	0.7	0.03	2	-50	100	35	3.83294	0.260927	0.00289272	67.2193	15	0.217411	0.260817	0.26144	0.00255283	0.0044958	0.0945214	0.0365006	27.8914	86.2968	0
250	1	95.8	400	4	100	4.5	0.0048	100	-60	-40	0.7	0.03	2	-50	100	35	3.50771	0.285108	0.00257923	110.305	13	0.246607	0.285065	0.285723	0.00213743	0.00387291	0.0960403	0.0517793	48.9193	160.644	0
250	1	95.8	400	4	100	4.5	0.0048	100	-60	-40	0.7	0.03	2	-50	100	35	3.49357	0.286262	0.00256435	112.949	13	0.218929	0.286246	0.287008	0.00169992	0.00398605	0.11341	0.0258322	46.7229	256.096	0
250	1	95.8	400	4	100	4.5	0.0048	100	-60	-40	0.7	0.03	2	-50	100	35	3.50865	0.285069	0.00425527	40.5086	13	0.231631	0.285031	0.2856	0.00308244	0.00526529	0.106409	0.0347524	26.4676	77.3744	0
250	1	95.8	400	4	100	4.5	0.0048	100	-60	-40	0.7	0.03	2	-50	100	35	3.51394	0.284615	0.00327537	68.0461	13	0.24642	0.284581	0.285346	0.00275122	0.00436017	0.0958863	0.0516897	38.3984	96.4671	0
250	1	95.8	400	4	100	4.5	0.0048	100	-60	-40	0.7	0.03	2	-50	100	35	3.50036	0.285723	0.00342981	62.7836	13	0.232125	0.285692	0.286392	0.00255461	0.00439781	0.108792	0.0334623	38.1119	113.199	0
250	1	95.8	400	4	100	4.5	0.0048	100	-60	-40	0.7	0.03	2	-50	100	35	3.51549	0.284477	0.00257719	109.748	13	0.231138	0.284446	0.285192	0.00197679	0.00386378	0.1087	0.0330904	48.7349	186.691	0
250	1	95.8	400	4	100	4.5	0.0048	100	-60	-40	0.7	0.03	2	-50	100	35	3.51763	0.284315	0.00321347	70.4696	13	0.246253	0.2843	0.284862	0.00262569	0.0043043	0.0955978	0.0517369	39.1999	105.466	0
250	1	95.8	400	4	100	4.5	0.0048	100	-60	-40	0.7	0.03	2	-50	100	35	3.51332	0.284654	0.00265977	103.232	13	0.217218	0.284615	0.2853	0.00157024	0.00395155	0.117519	0.0234972	46.6685	297.056	0
250	1	95.8	400	4	100	4.5	0.0048	100	-60	-40	0.7	0.03	2	-50	100	35	3.50335	0.285469	0.0029429	85.0508	13	0.2319	0.285438	0.286123	0.00235427	0.0041155	0.10867	0.0334376	43.3971	132.576	0
250	1	95.8	425	4	100	4.5	0.0048	100	-60	-40	0.7	0.03	2	-50	100	35	3.20261	0.312275	0.00318523	95.0344	12	0.249833	0.31225	0.313	0.00243827	0.00422738	0.12196	0.0331948	53.9787	162.194	0
250	1	95.8	425	4	100	4.5	0.0048	100	-60	-40	0.7	0.03	2	-50	100	35	3.21435	0.311117	0.00198898	241.022	12	0.266607	0.311075	0.311908	0.00146494	0.00331748	0.108513	0.0509817	86.6161	444.802	0
250	1	95.8	425	4	100	4.5	0.0048	100	-60	-40	0.7	0.03	2	-50	100	35	3.20501	0.312033	0.00274999	127.201	12	0.267321	0.312025	0.312783	0.00234848	0.00364966	0.107893	0.0521435	72.2218	174.93	0
250	1	95.8	425	4	100	4.5	0.0048	100	-60	-40	0.7	0.03	2	-50	100	35	3.20356	0.312167	0.00215589	207.231	12	0.267471	0.312158	0.312867	0.00161834	0.00349847	0.109205	0.0510115	78.6836	369.861	0
250	1	95.8	425	4	100	4.5	0.0048	100	-60	-40	0.7	0.03	2	-50	100	35	3.21584	0.310992	0.00324274	90.5673	12	0.24864	0.310975	0.311783	0.00275465	0.00418171	0.120792	0.033357	54.398	125.526	0
250	1	95.8	425	4	100	4.5	0.0048	100	-60	-40	0.7	0.03	2	-50	100	35	3.20769	0.311775	0.00287248	116.295	12	0.266529	0.311742	0.312417	0.00239311	0.00413651	0.108247	0.0515621	55.9697	167.082	0
250	1	95.8	425	4	100	4.5	0.0048	100	-60	-40	0.7	0.03	2	-50	100	35	3.19711	0.3128	0.00245653	160.585	12	0.267779	0.312792	0.313383	0.00196351	0.00372796	0.108985	0.0514358	69.7317	251.333	0
250	1	95.8	425	4	100	4.5	0.0048	100	-60	-40	0.7	0.03	2	-50	100	35	3.21026	0.311517	0.00230487	180.178	12	0.266936	0.311488	0.3123	0.00171912	0.00337273	0.10851	0.0511486	84.301	323.852	0
250	1	95.8	425	4	100	4.5	0.0048	100	-60	-40	0.7	0.03	2	-50	100	35	3.2076	0.311775	0.00231404	179.198	12	0.267207	0.311742	0.312317	0.00183741	0.00356234	0.107974	0.0518193	75.5809	283.429	0
250	1	95.8	450	4	100	4.5	0.0048	100	-60	-40	0.7	0.03	2	-50	100	35	2.85745	0.349982	0.0027261	182.643	11	0.296131	0.349955	0.350618	0.00208667	0.00359442	0.126528	0.0513762	105.032	310.373	0
250	1	95.8	450	4	100	4.5	0.0048	100	-60	-40	0.7	0.03	2	-50	100	35	2.88368	0.3468	0.0028256	165.412	11	0.272493	0.346791	0.347564	0.00226664	0.00379491	0.141531	0.0319823	91.73	256.791	0
250	1	95.8	450	4	100	4.5	0.0048	100	-60	-40	0.7	0.03	2	-50	100	35	2.85151	0.350745	0.00457151	65.3742	11	0.275586	0.350736	0.351573	0.00339393	0.00523012	0.140476	0.0335826	50.0867	118.61	0
250	1	95.8	450	4	100	4.5	0.0048	100	-60	-40	0.7	0.03	2	-50	100	35	2.86359	0.349236	0.00304706	145.261	11	0.2744	0.349236	0.350082	0.00235306	0.00381137	0.14125	0.032789	92.8869	243.523	0
250	1	95.8	450	4	100	4.5	0.0048	100	-60	-40	0.7	0.03	2	-50	100	35	2.8638	0.3492	0.00225876	264.261	11	0.274336	0.349182	0.349836	0.00176001	0.0032552	0.141991	0.0324247	127.104	435.186	0
250	1	95.8	450	4	100	4.5	0.0048	100	-60	-40	0.7	0.03	2	-50	100	35	2.87921	0.347355	0.00374896	94.4163	11	0.293977	0.347364	0.348145	0.00300742	0.00439109	0.125968	0.0506954	68.8442	147.329	0
250	1	95.8	450	4	100	4.5	0.0048	100	-60	-40	0.7	0.03	2	-50	100	35	2.87208	0.348227	0.0042767	73.1005	11	0.294146	0.348209	0.348836	0.0033697	0.0047803	0.12566	0.0513618	58.5384	117.73	0
250	1	95.8	450	4	100	4.5	0.0048	100	-60	-40	0.7	0.03	2	-50	100	35	2.85869	0.349845	0.0036727	100.51	11	0.296031	0.349818	0.350555	0.00299515	0.0043596	0.12629	0.0515702	71.3212	151.08	0
250	1	95.8	450	4	100	4.5	0.0048	100	-60	-40	0.7	0.03	2	-50	100	35	2.87324	0.348073	0.00357438	104.51	11	0.294485	0.348055	0.348655	0.00239769	0.00440393	0.125618	0.051255	68.7808	232.333	0
